logFC AveExpr t P.Value adj.P.Val B
ABCA5 1.13871085933843 6.26675404711077 6.99821495782103 1.20988144866069e-09 4.5661426438401e-08 11.7801900951504
ABCC3 -1.10621345474003 3.81344937072182 -7.35378282084109 2.69286976567202e-10 1.35629528390517e-08 13.242816392006
ABHD17A -1.00055341688099 8.7265918849545 -3.97209351284658 0.000169538185574231 0.00109582513407295 0.356523496083756
ABRACL 1.09092856628676 10.2582361931843 9.16896895275356 1.19772217453462e-13 3.43556381307668e-11 20.7635554634402
AC017002.2 -1.34700650411882 2.92134105339411 -6.71400660050173 3.98976827190371e-09 1.25377262137524e-07 10.6195937068299
AC017104.6 -1.06386055620066 3.76722844637001 -5.58452891734067 4.08318083010238e-07 6.22023939798174e-06 6.1312974666046
AC079305.10 -1.51343824227672 5.35592256510989 -9.22893198108788 9.29269517091294e-14 2.7846722979982e-11 21.0107970574631
ACOT1 /// ACOT2 -1.29915521259746 7.52552380208112 -8.34212463277362 4.02048025070779e-12 4.91842038447342e-10 17.3394593352001
ACP5 -1.30134090192042 6.39193274144259 -8.9165442669564 3.49249203815384e-13 7.24274984476987e-11 19.7207781700479
ACRBP -1.51686729567955 5.16495771378611 -6.5468013717478 8.01717131383965e-09 2.23161995825825e-07 9.94131374443488
ACSL1 -1.02185596566345 5.7934114645679 -7.73670917921332 5.29643645133811e-11 3.64261642607964e-09 14.8268612772818
ADM -1.30146335997043 5.48641691396875 -6.31457470491187 2.10037699340281e-08 5.04626836178014e-07 9.00594141022773
ADRM1 -1.0226153711072 5.47717887317846 -8.77586562403607 6.34820650312332e-13 1.16653254031222e-10 19.1384461076854
AF131215.4 1.77999376946658 3.20132415833893 9.09651352111102 1.62793208702528e-13 4.13106377810958e-11 20.4645515622232
AGT -2.42465660768417 4.98592369085957 -7.19527577203493 5.2672861143286e-10 2.34200069366962e-08 12.589573897792
AKR1C3 -1.49481915402534 7.59594725008097 -8.03817620142746 1.46757701248363e-11 1.26442779892408e-09 16.0775161101894
ALAS1 -1.14840863336458 7.14099966785844 -13.1662907187466 1.0830538095036e-20 2.54745086533342e-16 36.4984740455807
ALOX12 -1.15385777270328 5.37469354978481 -5.01461375569664 3.79937988894946e-06 4.20542185261083e-05 3.98097462645658
ANKLE1 -1.04706366105932 2.5261740907534 -4.37322157733374 4.13545323892033e-05 0.000325644444702528 1.69553707502104
ANKRD20A1 /// ANKRD20A11P /// ANKRD20A2 /// ANKRD20A3 /// ANKRD20A4 /// ANKRD20A5P /// ANKRD20A9P /// LOC102723891 /// LOC102725051 1.09328960801407 7.27707986572966 5.7986277415661 1.72926419148119e-07 3.01066047726343e-06 6.96228942076895
ANKRD33B -1.56121928454375 4.26551439249498 -6.02475219619942 6.90558045678698e-08 1.39781547266856e-06 7.85142345573381
AOAH -1.14536490245228 7.58495258726096 -7.78818424216144 4.25470531504012e-11 3.08873221342774e-09 15.0402561925688
APOBR -1.26374881279047 4.6817065123868 -6.91263720209349 1.73436937190147e-09 6.23507378238652e-08 11.4298105249664
AQP10 -1.55593261988629 3.56506783807829 -4.94068143205522 5.03938791363355e-06 5.34647916628664e-05 3.7095782110957
AQP9 -1.69304436388963 3.94927352283403 -6.32444562616067 2.01644926115045e-08 4.88957763623914e-07 9.04552631127879
ARPC4 -1.04612245719957 6.94577268365758 -6.68846877061401 4.43946796814796e-09 1.37035073594236e-07 10.5157617599226
ASAP2 -1.48790035686451 5.97591841399658 -4.54693089060154 2.1986665124249e-05 0.000189570509672823 2.29824517217298
ASGR2 -1.18819880122539 3.96313841445003 -4.53571247211095 2.29103524010148e-05 0.000196025608884783 2.25893291099966
ATG2A -1.1402540109332 7.50282928532672 -6.31789722435322 2.07174768970241e-08 4.98767424866842e-07 9.01926374187828
ATG4C 1.10138367033709 4.86130720909645 5.01135908108903 3.84705608306041e-06 4.24421229501238e-05 3.96898732948141
ATP6V0B -1.01622911156202 8.61413107212019 -8.22091225236973 6.73786190651097e-12 7.45488150564953e-10 16.8362065484629
ATP6V0D1 -1.30863512745455 8.91023033082436 -6.48938958766145 1.01796362079502e-08 2.74267151485906e-07 9.70930521527122
AV8S2 /// TRAV13-2 /// TRAV13-2 1.01390238442752 5.30266743092965 7.88027445682266 2.8749995345183e-11 2.23177769146551e-09 15.4222072790162
AX747132 /// RP11-458D21.1 /// RP4-791M13.3 1.11254084055616 7.58463326650752 8.95088756376873 3.01876886419606e-13 6.69853419384487e-11 19.8628227072614
B3GALT2 1.27128274614734 1.80546522872102 5.63138292310297 3.38630768349961e-07 5.31349853392891e-06 6.3121838403651
B3GNT7 -1.0377427483644 4.31221258750417 -7.29705724140973 3.42427687085921e-10 1.64372278121387e-08 13.0088371303372
BAX -1.20944351364781 5.97527444189325 -5.54414507344934 4.79585578899586e-07 7.15289612766454e-06 5.97584649935129
BCKDK -1.04781929911969 5.25433383944051 -5.85203316481187 1.39350483669384e-07 2.5135450355733e-06 7.17127353943154
BEND2 -1.07555186217485 4.62009671876923 -4.59522127512559 1.84073432318449e-05 0.000163011716926289 2.46806214049987
BLOC1S1-RDH5 /// RDH5 -1.08340478705269 5.04497188518835 -6.02177594773497 6.98997053462471e-08 1.41246646859887e-06 7.83965041493285
BMF -1.23043344647827 3.04557395105288 -5.47430320872783 6.32835126085652e-07 9.05408455028019e-06 5.7080268893543
BNIP1 -1.21128794669106 6.64390780520397 -9.9032521165397 5.43527912545172e-15 3.76594755387907e-12 23.7753028553931
BRE-AS1 -1.12171198656118 7.4468014260989 -7.16308959690211 6.0348059400053e-10 2.62374622023779e-08 12.4571529763627
BRF2 -1.19113613351108 6.05237710270005 -9.08814623078069 1.68668813804302e-13 4.2204884781819e-11 20.4300049029151
BSG -1.00520792208858 5.33080561309436 -6.91441707641515 1.72143942954081e-09 6.22922720341992e-08 11.4370903120008
BST1 -1.43588516359837 3.91920689963875 -5.05137446208449 3.29946339530102e-06 3.72035851010908e-05 4.11661833058738
BTK -1.57783224409855 5.88132836167804 -8.40888551794333 3.02546998084796e-12 4.02045646437994e-10 17.6165892145325
C12orf5 -1.17209541380844 8.13550629344117 -8.29900315430476 4.83112662848811e-12 5.68283098065073e-10 17.1604359503855
C16orf93 -1.08055061643554 3.61493338857502 -6.08621546709662 5.37160654928263e-08 1.12307162351713e-06 8.09494681758029
C19orf48 /// SNORD88C -1.06325390203894 3.96774479231071 -4.64695496114421 1.52020688279945e-05 0.000137897362477154 2.65104331471227
C1D 1.33125972931362 8.04983135193696 8.56099704769013 1.58323594299396e-12 2.4826195076774e-10 18.2477701112538
C4orf27 1.02223696049102 5.17204295897564 8.58197166533725 1.44803718979963e-12 2.31695800961069e-10 18.3347680729219
C5AR1 -1.57059967396174 4.59046900908338 -6.36282566481958 1.72054773733821e-08 4.27339000316072e-07 9.19959291530035
C5orf20 /// TIFAB -1.09076882775349 2.20249683500457 -4.79272916743691 8.82118960184358e-06 8.67042209047065e-05 3.17232693885296
C8orf60 -1.06546091520269 7.15700663748759 -6.24348269339908 2.81613080400711e-08 6.50031527390101e-07 8.72133282790823
CABP5 -2.27144680216647 3.34955753276831 -7.60939444657486 9.10083625048636e-11 5.58648909044176e-09 14.2994564767939
CAMK1 -1.27440072965396 4.55578452642296 -6.61149285221873 6.1226293183673e-09 1.78451504581558e-07 10.2032979283544
CARD9 /// DNLZ -1.09588903928543 4.38571146530868 -7.31235803373754 3.20944163800374e-10 1.57269326598929e-08 13.0719282424777
CBR1 -1.03957952159321 5.22640330611213 -4.82791361061529 7.72667400008229e-06 7.71388366536229e-05 3.29936250571305
CCDC102A -1.147101773502 4.5510140854029 -6.09878728573329 5.10214831682446e-08 1.07341351127038e-06 8.14484898768249
CCDC12 -1.41151543686565 9.32632602902646 -7.91235855296325 2.50790862867075e-11 1.99961080864287e-09 15.5553247810035
CCDC130 -1.1098996150335 5.49756615859132 -7.29790102454414 3.41206464037921e-10 1.64123795961087e-08 13.0123159630915
CCDC159 -1.14559172239764 3.43914917616206 -4.92074909797227 5.43648806167007e-06 5.69584123378804e-05 3.63673704041683
CCDC19 -1.72772383301688 4.61974132919323 -6.30822584520423 2.15617823442651e-08 5.16977250274679e-07 8.98048948046295
CCL3 /// CCL3L1 /// CCL3L3 -1.76139953911119 7.75855156311483 -8.51203270594604 1.95010819840943e-12 2.95925773772828e-10 18.044640316905
CCL4 -1.15423909155241 8.52455170370625 -6.42830930264283 1.31176928969177e-08 3.42443123893898e-07 9.46300668399894
CCL5 -1.32659140571753 9.48475068361807 -8.88574592479898 3.98037130436389e-13 7.93409436016466e-11 19.5933544638495
CD14 -1.97783761870407 4.91424282768618 -6.50398684766894 9.58034561273829e-09 2.59010700180709e-07 9.76824933040476
CD151 -1.05142224363848 3.9408785708967 -4.51588448340134 2.46359558903057e-05 0.000209267720655789 2.18957923548331
CD1C -1.14303249930567 6.03936891592069 -5.49181331016818 5.90402531709439e-07 8.54575873743859e-06 5.77504813781729
CD1D -1.25937197273225 4.00041191448027 -4.02935330126143 0.000139215369178814 0.000925780237052556 0.542871172967016
CD247 -1.24685743796918 10.2194230997103 -6.34580240380194 1.84606904890452e-08 4.54198641205891e-07 9.13122769542678
CD300C -1.3330638515585 4.09741007547253 -6.1581616808923 3.99972732328825e-08 8.73515193788885e-07 8.38093579952023
CD300LF -1.88126764382436 6.55945355888531 -7.676707742807 6.83613616553094e-11 4.47890692895413e-09 14.5782285621156
CD33 -1.26220304984755 2.81549223625123 -3.89317548036661 0.000221887285627133 0.00138325227809059 0.102454044714873
CD40LG 1.09719212529301 6.26462341793615 7.03230789027588 1.04799036967927e-09 4.05424037585957e-08 11.9199742718609
CD83 -1.27265236495951 8.70668087807649 -7.60318380797235 9.34422894518992e-11 5.67145834031775e-09 14.2737449456756
CD86 -1.58547207754479 4.77291342860281 -7.45493842797769 1.75360773242515e-10 9.46317044751124e-09 13.6605540428416
CD93 -1.27336414610704 5.37758374053162 -7.25282347613645 4.12935743390711e-10 1.91949834393141e-08 12.8265350093844
CD97 -1.04498924744848 9.44769433647705 -9.34435491928437 5.70459397645715e-14 2.03299628667043e-11 21.4861413689692
CD99 -1.015303577419 9.85857294117113 -6.49219871629693 1.00614869145577e-08 2.71394763437283e-07 9.72064611529282
CDA -1.03402347675823 1.34504777844238 -4.38721744481648 3.93196182015242e-05 0.000312447341833052 1.74361218075753
CDC37 -1.79813830609911 5.1795864106353 -5.94141032468244 9.69711675995431e-08 1.84237385549988e-06 7.52243945973466
CDK5RAP3 -1.01390661131597 10.1602602514549 -8.55414032817349 1.63011912473982e-12 2.52250210085562e-10 18.2193278651866
CDKN1A -1.31645332834307 7.25278348443471 -7.02352046528335 1.08752996444255e-09 4.17970462314596e-08 11.8839346144979
CDKN1C -1.01656687404587 4.9621361003648 -6.44385619022689 1.22983946058194e-08 3.22846584289596e-07 9.52564388504496
CEBPA -1.52789907599319 5.61716609247042 -10.1573478898872 1.88072860244123e-15 1.76946469832081e-12 24.807982128297
CEBPD -1.25022866246702 5.07703747489881 -8.47330055531579 2.29970000725335e-12 3.23899663895845e-10 17.8839260609735
CES1 /// LOC100653057 -1.33748647639424 3.92327404148478 -5.56678244515062 4.38250557118673e-07 6.62048256518196e-06 6.06293269742481
CETN3 1.45938596288082 7.62166418428551 8.03224722724215 1.50511206593092e-11 1.28733603282768e-09 16.0529037246314
CFD -1.57948581416068 6.95334250340094 -8.21777256939564 6.82858882019626e-12 7.45488150564953e-10 16.8231703595496
CFH /// CFHR1 1.10408301168928 5.38289134577291 5.38710714285062 8.93074116983506e-07 1.21773891626487e-05 5.37554613279719
CHKA -1.2339669171824 4.48065247526463 -7.59224743851716 9.78871630349344e-11 5.88850118093271e-09 14.2284732982406
CHMP2A -1.09048217724531 7.61575517115283 -6.47859793092878 1.06464641104104e-08 2.84886783095522e-07 9.66574843547312
CHRM3-AS2 1.25551259562892 9.84917171283693 8.20989852091718 7.06153484737016e-12 7.51558195226215e-10 16.7904766961899
CHST10 -1.29576346835403 5.86159650890024 -8.08131328560941 1.22123290322737e-11 1.10905865315873e-09 16.2565973872327
CHST15 -1.1355299667971 5.45763082154226 -5.9646066841108 8.82395060350604e-08 1.71103167473261e-06 7.6138597748388
CLDN5 -1.63416725706771 5.00002983200202 -6.23838245783531 2.87591531921572e-08 6.62530893469863e-07 8.70094825370958
CLEC10A -1.31601755182253 3.77205247550794 -5.01476207998067 3.7972209893249e-06 4.20501105884704e-05 3.98152100620428
CLIC3 -1.57104217845147 5.26204952075856 -4.8653915073463 6.70667875155688e-06 6.82300133716996e-05 3.43518363957612
CLU -1.13252195517569 4.55338026037433 -5.89856227501439 1.15403619517005e-07 2.14408257082108e-06 7.35387065713861
CMTM5 -1.99697375491093 5.40220020293023 -7.84081138982592 3.40091999474601e-11 2.57601251142112e-09 15.2585053027575
COPE -1.43693903054557 5.39005726677456 -7.07941272581369 8.59195821387715e-10 3.47236166922001e-08 12.1132840091788
CORO1A -1.21223919683504 10.0053274405048 -3.86688402652808 0.000242538936618482 0.00149449783625078 0.0185353207577377
CR1 /// CR1L 1.39674032726156 5.12877985967503 6.71966738534402 3.89638505434180e-09 1.23015936729092e-07 10.6426203614797
CRY2 -1.52178040372221 6.46920854343164 -7.69356658105813 6.36320859907443e-11 4.23991584869206e-09 14.6480751307936
CSF1R -1.18965226382943 5.51573844439658 -6.32163607379706 2.0399932330999e-08 4.93648979791591e-07 9.03425763910043
CSF3R -1.1298728461605 4.6061771386544 -6.15297799661267 4.08574297706106e-08 8.87356976578516e-07 8.36029777725195
CST3 -1.38719557146461 4.41751575376757 -8.07293680841913 1.26559628939603e-11 1.14492655088015e-09 16.2218215964677
CST7 -1.10807503260608 10.8265731584976 -8.1459360354072 9.27341774654298e-12 9.08833578401822e-10 16.5249005751764
CSTA -1.54663174340639 7.98268597620612 -6.25352829831539 2.70195424909542e-08 6.28611927724761e-07 8.76149635433379
CTSW -1.6553222235788 9.44997063723943 -7.99946861534025 1.73062483749189e-11 1.4537866715231e-09 15.9168404217197
CTTN -1.16006180731284 3.30643478799052 -7.28613807688018 3.58629700537305e-10 1.71102011893265e-08 12.9638229135452
CXCL16 -1.36796500489034 6.19800822355966 -6.81566125740485 2.60618757048811e-09 8.90990375660624e-08 11.0336849416084
CXorf40A -1.10140706345861 9.24473240604784 -5.17145683797284 2.07519280440493e-06 2.48653132717312e-05 4.56284006679755
CXorf40B -1.12740250515195 9.22174173053037 -5.35946717650752 9.95699530698591e-07 1.33294528523401e-05 5.27060527007487
CYBA -1.19605123449031 6.01256648091836 -5.1749269378221 2.04744051720392e-06 2.45703308189559e-05 4.57580432810721
CYC1 -1.12251113751824 9.3741436417723 -5.68977926062742 2.6799346027544e-07 4.35022372611362e-06 6.53840700934847
CYP27A1 -1.41384092423764 4.50681786850754 -6.25509979701702 2.68451254033488e-08 6.25792066018006e-07 8.76778098894695
DAP -1.32417245014017 7.20668516941879 -9.6381654556682 1.65326353568907e-14 8.2737046006261e-12 22.6923452920561
DDAH2 -1.01575784267553 6.71469620373383 -6.94099990299512 1.53935627703302e-09 5.66622832427132e-08 11.545854306119
DDIT3 -1.42734382370153 7.18267427610216 -7.56922946417889 1.07943633320957e-10 6.39017354900063e-09 14.1332064106998
DDX5 /// MIR3064 /// MIR5047 1.44618741975376 11.8631132963084 6.97592671864398 1.3289347245517e-09 4.96156724701278e-08 11.6888659838294
DEF6 -1.02539750241118 7.41492322818097 -5.72400650370222 2.335703705541e-07 3.86887935619929e-06 6.67139120797458
DENND4B -2.49633308469667 7.93364886491485 -7.43808294617779 1.88360069203871e-10 1.0069129972146e-08 13.5909054999405
DHRS3 -1.55540385600869 7.22867108879706 -8.49296002031133 2.11505192244566e-12 3.08994635204002e-10 17.9655039652098
DHX37 -1.11088730271705 5.73901825565093 -6.04409381121354 6.38118689684511e-08 1.3062828285526e-06 7.92797585197511
DIRC3 1.06415229151444 3.37711346693159 4.38734023805064 3.93022015713445e-05 0.000312447341833052 1.74403435355248
DLST -1.66912738432824 7.75678206005224 -8.36525225191802 3.64331882613722e-12 4.64841073298416e-10 17.4354694672196
DNAJC24 1.28032453533255 5.29047122838172 9.17447875405492 1.1701068661527e-13 3.39778809861452e-11 20.7862817576105
DNTTIP1 -1.68284262790981 5.16219179137914 -9.26071166237733 8.12386152534861e-14 2.62034754807617e-11 21.1417515935667
DUSP6 -1.15820904976978 6.46189839077277 -6.05269009443561 6.16095452199063e-08 1.2678198714938e-06 7.96202320151419
EBP -1.28998608321617 5.55892325941312 -9.26045931782807 8.13253564940098e-14 2.62034754807617e-11 21.1407119824419
EFHD1 1.2513084709163 4.51771716820513 5.58159863955074 4.13117843179993e-07 6.28243407480905e-06 6.12000349993365
EGR1 -1.18412847891344 6.88017964255371 -5.67503099299994 2.84325716466552e-07 4.58684854390245e-06 6.48119332599485
EHMT1 -1.03851862476259 4.48200810613644 -9.2495130748237 8.51788182578271e-14 2.66321248640135e-11 21.0956120749982
EIF3G -1.77111505649751 10.1689468739128 -7.18395200680907 5.5255419464407e-10 2.44757574618139e-08 12.5429761942718
EIF3I -1.00248012735655 9.38554992483523 -7.06979834028682 8.9475841578075e-10 3.5791858329216e-08 12.0738121677849
ELOVL1 /// MIR6734 -1.33527007817897 6.93095150998925 -9.04145526894742 2.05582905951461e-13 4.93419952131053e-11 20.2371658746178
ELOVL7 -1.67171748107135 6.74627833355193 -5.57031226382485 4.32129611256112e-07 6.54061813793759e-06 6.07652407903975
EMP3 -1.05649187788201 10.2842041824676 -5.51747248233782 5.332340908551e-07 7.84868526345608e-06 5.87341114103144
ENC1 -1.14520156205255 7.2390516110768 -6.3035443275897 2.1982635928537e-08 5.25460954954388e-07 8.96172609308705
ENKUR -1.57807489941175 3.1150976195429 -5.19049349755255 1.92735970838183e-06 2.33557072132143e-05 4.63400786272151
EREG -1.46645759875493 4.58156157561872 -7.1161163770127 7.35904557434908e-10 3.08542087262504e-08 12.2640446873299
EZR -1.25036577684766 6.18265215160879 -8.14196933024306 9.43145746895586e-12 9.16683103831863e-10 16.508430861541
F13A1 -1.68808348991334 7.83473339407355 -6.15313511911182 4.08310904812419e-08 8.87356976578516e-07 8.36092326221683
FAM171A1 1.0013694760252 6.91768162190338 7.28059817369728 3.67139736562264e-10 1.74454419064263e-08 12.9409878270116
FAM86B1 /// FAM86B2 /// FAM86C1 /// FAM86DP /// FAM86FP 1.00352022932747 3.58126412245379 5.2460946213537 1.55224737227558e-06 1.95556563702699e-05 4.84252151466278
FAXDC2 -1.40187469966801 5.78886780004944 -8.58701993842182 1.41726148067065e-12 2.28324707444207e-10 18.3557056607438
FBXW4 -1.05786215630373 8.2873757349719 -8.04208787993265 1.44332675165855e-11 1.24810619580003e-09 16.0937544949109
FBXW4P1 -1.17450823642853 5.71077463469748 -6.93682574894997 1.56662475251592e-09 5.73286036170623e-08 11.5287709310182
FCGR1A /// FCGR1B /// FCGR1C -1.02809090208864 3.76592701472295 -4.72532128795737 1.13562789069575e-05 0.000107446112699335 2.9302543936264
FCGR1B -1.21143036507425 3.27046216608425 -3.70316818756286 0.000418946964471377 0.002389440240381 -0.495636050895969
FCN1 -2.20013118623996 8.85850741037077 -7.34883008650107 2.74998159235141e-10 1.38210079131832e-08 13.22237922431
FES -1.72762089516207 3.95570514366694 -6.86810477919611 2.09126829922304e-09 7.33646227671253e-08 11.2477787659579
FHL2 -1.05361006227368 4.41280465738976 -5.97410190215156 8.48937027364893e-08 1.65708280669292e-06 7.651314453313
FKRP -1.0450299366874 5.1986784210692 -5.83934292080761 1.46693016543944e-07 2.62784953703741e-06 7.12155598188999
FLII -1.24504900323421 6.98580114240238 -7.72146496518864 5.65126209053476e-11 3.84171490264358e-09 14.7636809112807
FLJ21369 1.09296401223446 2.86306995690559 5.01438301710442 3.80274073905998e-06 4.20679942790249e-05 3.98012467342177
FXYD6 -1.50397111182292 3.59685536188187 -6.64231750697762 5.38356441069439e-09 1.60287112030307e-07 10.3283297137512
G0S2 -2.41474032538275 6.85536127752755 -8.12541619283123 1.01205556899841e-11 9.63747329490344e-10 16.4397031038573
GABARAPL1 -1.08128963594042 6.43727142564265 -8.24050444918513 6.19832081062836e-12 7.00916845128796e-10 16.9175543559565
GABARAPL1 /// GABARAPL3 -1.20178217370662 9.84148179946639 -8.11203152009664 1.07143922245252e-11 1.00403673112771e-09 16.3841315928253
GADD45G -1.18728852393528 5.78813003207098 -7.65124655944781 7.6177039787881e-11 4.85571857141124e-09 14.4727623235643
GALR2 -1.1495556970271 3.3399552328247 -4.73922926894832 1.07809424700037e-05 0.000102746575298605 2.98005774651232
GALR3 -1.34884606549682 5.29207843095225 -6.25661677540022 2.66778174848892e-08 6.22508874069524e-07 8.77384799770615
GAPDH -1.64734422896842 10.2310350642645 -8.43715897952424 2.68227846694287e-12 3.64681340005569e-10 17.733938068382
GAPDHP73 /// GAPDHP73 -1.41122499486529 2.95498893592556 -6.69216532063007 4.37138496304191e-09 1.35613437780433e-07 10.5307861681875
GATSL2 -1.20811281908045 4.30014302683756 -5.31849194134121 1.16949412409488e-06 1.53674141300757e-05 5.11544420438233
GEMIN4 -1.00593642250109 5.86881870092814 -8.21313579847967 6.9648162288684e-12 7.45488150564953e-10 16.8039181323742
GET4 /// SUN1 -1.53432276409382 5.63516682104126 -4.82465448285536 7.82221406443619e-06 7.77625938333067e-05 3.28757582444376
GFI1B -1.29041405444853 2.68840887936345 -5.79828594934147 1.73165163339387e-07 3.01254093281062e-06 6.96095403073411
GGTA1P -1.61937122846752 6.41945636916337 -6.08435045245457 5.41276181290296e-08 1.12966788466096e-06 8.08754650070579
GIMAP7 1.01785832343229 9.39134012789828 8.32271129317342 4.36706705509199e-12 5.24070327565401e-10 17.258864589262
GIN1 1.23936234447247 6.2126564227666 7.08676966639665 8.32936716929389e-10 3.39540806220038e-08 12.1434933994691
GLB1L2 -1.02599663681365 3.745734291347 -4.43689090820471 3.28517630031037e-05 0.000267553143367958 1.91493452078842
GLT1D1 -1.09804510863843 4.49324415162867 -5.7422103359153 2.17078545081849e-07 3.64707461347868e-06 6.74223430095637
GMPR -1.74657738704658 5.56143868466402 -6.12806541281594 4.52536219986427e-08 9.69408418060177e-07 8.26118241318566
GNA15 -1.25722206733484 6.9766474436927 -7.42388975890908 2.00048395722157e-10 1.06215311868642e-08 13.5322701820385
GNAZ -1.06769826908959 7.39477300583008 -4.97723394237036 4.38354874674736e-06 4.73830193346713e-05 3.84352042835354
GNG11 -1.18404216005613 4.99985056850987 -4.84451561498706 7.25740144799098e-06 7.31995452222109e-05 3.35946492761181
GOLPH3L 1.13665172607719 7.05304803117291 5.55374331769385 4.61610603573278e-07 6.91563248831024e-06 6.01275455404867
GP1BB /// SEPT5 /// SEPT5-GP1BB -1.27063552384062 4.17059069456329 -5.63062407292164 3.39660059722532e-07 5.31940644801626e-06 6.309249731004
GP9 -1.0285089492961 3.60583520099199 -4.10006067887296 0.00010892164949181 0.000749764740326857 0.775255742879794
GPATCH3 -1.10276852827397 5.82023568795868 -7.08294296761774 8.46494060122584e-10 3.43282530830057e-08 12.1277794513597
GPBAR1 -1.66640770382607 3.64129589770714 -7.27854672090714 3.70341843528584e-10 1.75621179468464e-08 12.9325324259283
GPR108 /// MIR6791 -1.03403847182202 8.18187961224947 -5.37514293989699 9.36153085179307e-07 1.26547452393692e-05 5.33009446573039
GPR133 -1.2276029306932 2.25859254720517 -4.07425601053574 0.000119157455205122 0.000809561670675816 0.69015931173799
GPR35 -1.10104752336348 5.27088480765976 -5.22615958844338 1.67767555978865e-06 2.08455398002054e-05 4.7676511685415
GPX1 -1.45198619337345 10.3007919340027 -5.51131420296369 5.46436585019516e-07 8.00294826665257e-06 5.84978750049705
GRAP2 -1.21438512782379 3.38584540882554 -5.2195718013575 1.72127146498193e-06 2.13196556755345e-05 4.74293635542699
GRASP -1.53134005244317 4.58308489495704 -5.48773435730909 6.00029785911451e-07 8.65651545920219e-06 5.7594281500421
GRN -1.28144859871364 6.48161869646525 -6.20057174959121 3.36011644502673e-08 7.5557647135252e-07 8.54997076829219
GTF2F1 -1.00771098890726 6.59472719828626 -8.50306443274849 2.02599905182291e-12 3.03525628649214e-10 18.0074300204751
GTF3C6 1.10043386823138 9.55871445678743 10.0710621305852 2.6951466920129e-15 2.22253805182096e-12 24.4579298675455
GUSBP4 /// LOC100996497 1.10886178103716 4.90226417444629 6.01565317754413 7.16679867860985e-08 1.44323862773615e-06 7.81543643031655
GZMH -1.31231213098196 9.59150982774575 -6.3182121132418 2.06905451925562e-08 4.98629419543151e-07 9.02052644995731
GZMM -1.01857370108763 6.46483424931216 -6.67548348276749 4.68708711420891e-09 1.42946778126911e-07 10.4629975465323
H2BFS -1.24784136784543 5.32757491994823 -6.79881716657531 2.79694349740689e-09 9.45214195438326e-08 10.9649865748901
HBA1 /// HBA2 -2.90403322035851 6.07633165750648 -9.88922985587427 5.76396037326842e-15 3.76594755387907e-12 23.718155977955
HBB -3.30614117610502 5.93555733071165 -12.0336760979946 9.00432300629215e-19 1.05895340715499e-14 32.2278760086731
HBD -1.50200952101897 3.7281127465023 -5.58560218684631 4.06573860132452e-07 6.20170153318768e-06 6.13543465242674
HBG1 /// HBG2 -1.81087066142769 4.26210029749419 -5.08325936513141 2.91846279078154e-06 3.35345204210907e-05 4.23463919169591
HCAR3 -1.19018177901231 4.81399912645005 -5.72494051513072 2.3269490036739e-07 3.85972818214253e-06 6.67502412750872
HCK -1.59060659526006 6.27933208156475 -7.49818039805301 1.45959089954147e-10 8.24921618949303e-09 13.8393044032469
HGS -1.07865242818418 7.97814129491125 -5.93216977392172 1.00682660886552e-07 1.90060743716901e-06 7.48605281885953
HIST1H1C -1.65079236325675 5.55414347285587 -10.5826510760397 3.22296173634636e-16 6.29618753796397e-13 26.5232736949179
HIST1H2AC -1.58417758876534 8.97817998381153 -6.52750622706127 8.68756024035567e-09 2.38994274167726e-07 9.86328652126554
HIST1H2AD /// HIST1H3A /// HIST1H3B /// HIST1H3C /// HIST1H3D /// HIST1H3E /// HIST1H3F /// HIST1H3G /// HIST1H3H /// HIST1H3I /// HIST1H3J -1.0921823255116 4.67295992324897 -6.79342706950168 2.86086859698904e-09 9.59921401851345e-08 10.9430100153787
HIST1H2AE -1.34030289205305 5.34311504114366 -6.88890877653514 1.91626019130702e-09 6.77779788868155e-08 11.332791518022
HIST1H2AM -1.26859887313956 4.16881614889193 -7.86057722307304 3.12647817370908e-11 2.41107846307578e-09 15.3404940549099
HIST1H2BG /// HIST1H2BJ -1.56116658968198 5.16309220505148 -9.1627602879017 1.22962421462492e-13 3.44309418478486e-11 20.7379446378553
HIST1H2BH -1.1466330272251 4.28893453946014 -6.30658267294007 2.17085809818634e-08 5.19437978915981e-07 8.97390327328702
HIST1H3A -1.36409664076937 2.84857662374752 -4.9166685798574 5.5214747057106e-06 5.78230661411483e-05 3.62184252595107
HIST2H2AA3 /// HIST2H2AA4 -1.52455963984358 7.85656727563433 -8.14478986755911 9.3188088688532e-12 9.09492545246042e-10 16.5201416938781
HIST2H2BE -1.43129920565552 8.23362196381038 -6.75206660832793 3.40221411580034e-09 1.11143719746861e-07 10.7744876177302
HK3 -1.61855656246519 6.46810442934024 -5.62583226971252 3.46231152989548e-07 5.41109830529379e-06 6.29072549718666
HLA-DPA1 -1.0153943353137 8.80956519388638 -7.60827687593635 9.14416181208315e-11 5.58648909044176e-09 14.2948297058149
HLA-DQA1 -1.29577820917001 4.34665068085541 -2.94575031577043 0.00436045837992785 0.0171537617585354 -2.6669930435935
HLA-DQA1 /// HLA-DQA2 /// LOC100509457 -2.08970086782489 6.92877799239304 -4.76299382378473 9.86295994977804e-06 9.52991802657345e-05 3.06532878730359
HLA-DQB1 /// HLA-DRB1 /// HLA-DRB3 /// HLA-DRB4 /// LOC100996809 /// LOC101060835 -2.31360458251121 9.18792213138626 -9.42181985029019 4.11323132979593e-14 1.51167678293953e-11 21.8047149206511
HLA-DQB1 /// HLA-DRB1 /// HLA-DRB4 /// HLA-DRB5 /// LOC100996809 /// LOC101060835 -2.13421346016347 10.5172307311321 -9.59027484461541 2.02233106490363e-14 9.51344979551966e-12 22.496136145932
HLA-DQB1 /// LOC101060835 -1.08530133033305 6.35448274879775 -6.25858913020194 2.64618297010012e-08 6.18696517293488e-07 8.78173683952493
HLA-DRA -2.45209645448955 6.78739996916051 -7.10644602360588 7.66566458637138e-10 3.17268617718839e-08 12.2243123800858
HLA-DRB1 /// HLA-DRB1 -1.65841599481558 10.9118963289511 -8.915341672443 3.51036725608505e-13 7.24274984476987e-11 19.7158033282608
HLA-DRB1 /// HLA-DRB4 /// LOC100996809 -1.53127309909371 10.3282970682567 -8.89679481824266 3.79794820692771e-13 7.70099480820231e-11 19.6390720492005
HLA-DRB4 -1.66628842981391 3.06372724600363 -2.8682514039127 0.00543824125321473 0.0206444274559173 -2.86804504985892
HLX -1.1754722620998 4.37260894785359 -4.94729010043394 4.91409816010683e-06 5.24192756570851e-05 3.73376012745972
HMOX1 -1.8970846246827 5.9379215625691 -8.67848092384248 9.60433823441998e-13 1.62520604037261e-10 18.7349270190572
HOXA5 -1.13565964279162 4.03058097206909 -5.09648899863787 2.77334628458413e-06 3.20865115394507e-05 4.28370745487263
HRASLS -1.14309507699782 3.89136449210571 -3.96060802641878 0.000176341493595768 0.00113047922345764 0.319346332054211
HSH2D -1.34576936135078 5.89485506575269 -5.76645428665224 1.96886364868441e-07 3.35820463239348e-06 6.83670589803786
HSPA6 -1.19304079083748 5.48968148247289 -5.27424596667557 1.3906642968208e-06 1.78839884775954e-05 4.94845778557137
HSPE1 1.02373043049768 8.93307091469915 9.91832874284502 5.10284872234662e-15 3.75075327494734e-12 23.8367288069398
ICAM4 -1.08561983019328 4.546129391981 -6.86791635946151 2.09292385003788e-09 7.33646227671253e-08 11.2470090263326
ID1 -1.40279366059089 4.00605633854946 -6.40544513169359 1.44218894584245e-08 3.68714415164785e-07 9.37095665670746
IER5 -1.16286297088593 10.2115701330149 -7.40715102344509 2.14765634492662e-10 1.12505623360844e-08 13.463133482375
IFI30 /// PIK3R2 -1.55864262421497 10.1187963967996 -6.56860787716723 7.32116059335799e-09 2.0647604114673e-07 10.0295599314323
IFT122 /// LOC101927266 -1.33394712423424 4.16184167052869 -4.49843150283106 2.62588258300793e-05 0.000221565279190433 2.12866974641545
IGSF6 -1.09482969674304 4.32572290672118 -4.50989857844597 2.51812640582973e-05 0.000213745403072974 2.16867441470768
IL1B -1.55610243952028 5.54076833703882 -8.35625253762144 3.78568336892916e-12 4.78726121078402e-10 17.3981094042228
IL3RA -1.16555479091426 2.92012537956963 -4.58268697127948 1.92777999107344e-05 0.00016950771278519 2.42389206284359
ILF3-AS1 -1.33906253011251 6.87370432326671 -7.21846509443567 4.77533896663047e-10 2.13944281588791e-08 12.6850295438509
IMP4 -1.05425335639778 8.48034478853326 -10.4999314487283 4.53621778879297e-16 7.11309190734662e-13 26.1910311606845
INTS12 -1.20940258354546 7.83532336614079 -9.6439257676603 1.61369275175641e-14 8.25123200305709e-12 22.7159343532387
IRF8 -1.40369667342582 9.13290955286998 -9.2471003264764 8.60525270891981e-14 2.66321248640135e-11 21.0856703326893
IRX3 -1.06964041850538 3.01811896846315 -4.57205111145012 2.00477012651882e-05 0.000175294416899068 2.38646251028032
ITGAV 1.06651077269554 7.98346313126136 8.66744930070747 1.00657093930128e-12 1.69111107595038e-10 18.6891988421528
ITPA -1.06604217909959 8.33093633670885 -5.95194838851073 9.29033322335191e-08 1.78381981833845e-06 7.56395746823646
ITPRIP -1.1134170212975 6.47511050465256 -8.50694208156573 1.99282960486923e-12 3.00470161129032e-10 18.023518974889
JDP2 -1.56479489027358 3.72883001331997 -8.19161535445149 7.63353703735607e-12 7.9446205599846e-10 16.7145634420098
JOSD1 -1.31744585687644 9.48845293156831 -9.54132710538049 2.48520639375221e-14 1.06475946503252e-11 22.2954288260385
KCNK7 -1.1761993129573 3.06535074177124 -5.70520877941367 2.51896869416249e-07 4.13458915948332e-06 6.59832057638608
KCTD2 -1.24584654649057 6.76633830921238 -8.17603447944027 8.1574225938059e-12 8.24038791444959e-10 16.6498704346025
KIR2DL1 -1.06836830074963 4.84497376025157 -3.53996782492878 0.000712762952194537 0.00373966036104566 -0.993254276503528
KIR2DS2 -1.05893976009595 6.45546246574572 -3.1004552403496 0.0027751452370289 0.0116957876939898 -2.25329482770673
KIR2DS3 -1.3311986387541 2.3162758982224 -5.45281293779227 6.89030884534842e-07 9.73960062208174e-06 5.62588642583359
KIR3DS1 -1.25790056645543 2.31429747727967 -4.59696331306925 1.82894330843152e-05 0.000162150680579034 2.47420605248864
KLF4 -1.13815793986896 6.49871189578724 -5.95144764888903 9.30927505283464e-08 1.78599884598469e-06 7.56198411572195
KRI1 -1.02288902065464 6.24607158735135 -5.11935728858561 2.53899772306053e-06 2.96922796903646e-05 4.36866100931892
KRT5 -1.40501782184457 3.78318433872673 -5.64098954370617 3.25863286325262e-07 5.13027467045281e-06 6.349340608901
LAG3 -1.19078893106413 5.5355566241156 -6.58621150807573 6.80332470357798e-09 1.94749635728261e-07 10.1008462823846
LAMP3 1.18951005521296 6.61621654145327 5.75467352202063 2.06455486350127e-07 3.50110994552368e-06 6.79078233010636
LAMP5 -2.01190320949657 4.03484467256576 -7.63673058180108 8.10257554633895e-11 5.10940159317529e-09 14.4126449385846
LATS2 -1.15465906998527 6.10982423149546 -8.9033079517673 3.69436276033926e-13 7.55609621616867e-11 19.6660194999697
LCN2 -1.19917773135625 4.506323924797 -4.83905811930906 7.40850684891363e-06 7.45637525003413e-05 3.33969651628404
LCP1 -1.2451675695252 7.54063071896551 -5.66676069289248 2.93909694610276e-07 4.72848832211238e-06 6.44913343939735
LEMD2 -1.6325910510542 4.89609595217104 -5.74277375305169 2.16586881416431e-07 3.6414153236568e-06 6.74442819130831
LGALS12 -2.08996763361628 3.88118175997443 -7.7367706823458 5.29505092034503e-11 3.64261642607964e-09 14.827116195356
LGALS2 -1.47704477920095 5.19989608220024 -4.24069790530624 6.64186824389948e-05 0.000487787278527973 1.24470705430192
LGALSL -1.39323156855404 5.07700968473205 -6.30979421710493 2.14225839777843e-08 5.14163875246391e-07 8.98677629414628
LILRA3 -2.06974089388244 3.28652062784466 -5.98042523988828 8.27354498554687e-08 1.62439108184514e-06 7.67626781103571
LILRA4 -1.3419838206332 4.21327033285547 -4.46923395450062 2.92086077839589e-05 0.000242054385585643 2.0270618614385
LILRB1 -1.6179327533161 4.08104733274401 -8.34659832313007 3.94459532573304e-12 4.86057450914335e-10 17.3580314542064
LILRB2 -1.31466355602214 5.51495869285027 -5.7398216961683 2.19175239670599e-07 3.66694670234021e-06 6.73293401518955
LILRB3 -1.20161587189059 4.81086035920302 -7.07831998830078 8.63165796998787e-10 3.48242242044742e-08 12.1087973671282
LINC00341 /// SYNE3 1.07223865961396 10.661216081046 9.95063884220979 4.45757834168793e-15 3.38215161854329e-12 23.9683051495405
LINC00853 -1.36436637810254 2.1647179967111 -5.06740832688508 3.10215014070889e-06 3.53515859784951e-05 4.17592468164415
LINC00926 -1.1337089769134 6.65018554256883 -5.83461462584189 1.49525384167611e-07 2.66035292057971e-06 7.1030408437776
LINC00936 -1.48165503216271 9.4005394683333 -8.45451641676229 2.49118236733805e-12 3.42207236509509e-10 17.8059742385256
LOC100127972 1.16612545225041 6.58451308819661 6.45987128060446 1.15074878183164e-08 3.03439036967063e-07 9.59020602910216
LOC100128325 -1.00201773657413 6.41564817009784 -8.9588183998177 2.91886330080402e-13 6.60140227867417e-11 19.8956177153309
LOC100129917 -1.58961565658355 2.5002756535763 -7.22678269060431 4.61027292769744e-10 2.07736071901095e-08 12.7192776805407
LOC100130872 -1.18848823892798 7.22714413477627 -9.31921700594902 6.34381793378022e-14 2.19430796500654e-11 21.3826828742425
LOC100130938 -1.19588506760576 5.36413980976407 -6.41069351518243 1.41115861252888e-08 3.61567121190543e-07 9.3920791809875
LOC100287896 1.46103852758781 3.79887255582985 6.94692362866254 1.50146699168221e-09 5.53542399864534e-08 11.570101092675
LOC100505715 1.07228948476432 7.31443102963011 6.08450245115371 5.40939601497444e-08 1.12966788466096e-06 8.08814960122025
LOC100507472 /// PCSK6 -1.47999254123743 3.02509488216692 -5.42473787856838 7.69894192520201e-07 1.06898945113741e-05 5.51877090804978
LOC101593348 1.08178876676065 6.11208621620153 8.05983991713069 1.33821030980579e-11 1.18565582905518e-09 16.1674497145385
LOC101927268 /// LOC102724851 1.12776237437608 2.72520668953977 4.9615213648925 4.65454957536397e-06 4.99223258377273e-05 3.78588623383475
LOC101928343 -1.06761320824137 3.83154657823779 -5.92564086344808 1.03389299572872e-07 1.94390065168148e-06 7.46035483050597
LOC101928647 -1.27792519635987 1.9651495551625 -5.74757688395742 2.12439807205628e-07 3.57936726739511e-06 6.76313417237247
LOC102723918 -1.11260036527487 1.52323096327196 -3.93312511111875 0.000193701225782903 0.00122771396702766 0.23066364404712
LOC153577 1.09772168381617 4.60939287168629 7.09129249816847 8.17191570005448e-10 3.34628562396735e-08 12.1620675909389
LOC257396 1.08680300279921 4.40673357282434 5.56398524411722 4.43161669164522e-07 6.68179847462738e-06 6.05216453841319
LOC284926 1.57029901571572 3.55634419509164 6.48666197067416 1.02956741230852e-08 2.76759486913242e-07 9.69829450578388
LOC646626 -1.462022564455 5.52846751596572 -8.21534000369475 6.89972147528892e-12 7.45488150564953e-10 16.8130701637808
LOC653486 /// SCGB1C1 -2.13614692372308 2.93624380869874 -6.17394162819171 3.74876457960337e-08 8.31836713932556e-07 8.44379182636388
LOXL1 -1.10592454075764 3.77171249229473 -4.43701931150719 3.28364631337543e-05 0.000267553143367958 1.91537877698681
LPAR2 -1.01258931068479 7.83423464425004 -5.52191795757653 5.23899262225528e-07 7.72578968451827e-06 5.89047066520355
LRRN3 1.18307035599906 7.7276005077465 5.07843204571546 2.97324498127258e-06 3.41139976607378e-05 4.21674926056984
LST1 -1.05658838844635 7.0254176274343 -7.3642140988733 2.57642108206604e-10 1.30603448860507e-08 13.2858655135111
LTBP1 -1.14747663652258 4.72750334876989 -4.58814527229087 1.88939307179032e-05 0.000166568270020915 2.44311886057596
LYN -1.35649073350403 8.29923191035043 -9.00706626223008 2.37859258440114e-13 5.49536439393287e-11 20.095069450081
MAD1L1 -1.15998489595917 6.80645850481141 -3.55271467422125 0.000684125875746793 0.0036168408009531 -0.954941972317965
MAD2L1BP -1.01618187695805 7.16732250742325 -8.84764204130678 4.6795452712327e-13 9.02193314136593e-11 19.4356535224339
MAFB -1.83265632336945 7.25500118384374 -7.57679987673734 1.04527270864541e-10 6.22426819748069e-09 14.1645362560187
MAFF -1.45630070642927 9.40678833103997 -8.47789776412679 2.25512558972167e-12 3.20481638869662e-10 17.9030030055046
MAGI2-AS2 1.11351340735036 2.07644052863044 5.18747541622929 1.95008832253991e-06 2.36068077377567e-05 4.62271723115337
MCM5 -1.2760744600173 6.97903377904862 -8.13824436863923 9.58231673825198e-12 9.1994151836908e-10 16.4929649173241
MCOLN1 -1.05757738392175 5.49200049341934 -4.59811629516046 1.82117976637998e-05 0.000161584191946524 2.47827313177548
METRNL -1.69424825055561 7.7763404417537 -7.84460743540038 3.34640853743558e-11 2.55554789639683e-09 15.274250584445
MFAP2 -1.05082279821469 2.85832710305598 -4.93365641503927 5.17599539785065e-06 5.46429927077402e-05 3.68388974749445
MGLL -1.14595077375877 6.60202107583807 -7.35945256120045 2.62893996757668e-10 1.32979133284669e-08 13.2662141478495
MIF4GD -1.2638154655361 7.51495156853625 -8.25494585267198 5.82848925899567e-12 6.72019097357045e-10 16.977515169861
mir-223 -1.10833730225929 3.27273830896426 -3.75026823272679 0.000358472738722345 0.00209014310547553 -0.349215850005933
MIR6732 /// ZC3H12A -1.09274309139955 7.49631237381579 -6.10474269296907 4.97921487720605e-08 1.05036872759429e-06 8.16849884622991
MIR7114 /// NSMF -1.03630600404399 6.59725874346555 -5.66291132687413 2.98478443493137e-07 4.79543133155879e-06 6.4342171266676
MIS18A 1.00567721598794 5.88024124927164 6.93870123061067 1.55431385891661e-09 5.71234629305899e-08 11.5364464135833
MITD1 1.19372113561926 7.67248605141326 9.81849258946053 7.75271045522146e-15 4.44759762481132e-12 23.4296288552717
MMP23A /// MMP23B -1.18159681957432 1.67145457248724 -5.29547954744718 1.27982750028087e-06 1.66497912799261e-05 5.02852101356368
MOGS -1.06084633677497 6.02871059362657 -5.24750641173672 1.54372215070219e-06 1.94691092260945e-05 4.84782844552529
MPEG1 -1.03177816985215 7.51833693792673 -4.60454139284468 1.77850026480054e-05 0.000158394944068056 2.50094721963661
MRGPRG-AS1 -1.01161339615361 4.72423533758174 -5.71537223710269 2.41818845295267e-07 3.98028065793561e-06 6.63781742225643
MS4A7 -1.28908435612915 4.78157747331527 -4.61538169750292 1.70868811800189e-05 0.000153046661171068 2.53924054864431
MSRB1 -1.10382590559681 7.39759204079979 -7.99493422539043 1.76437253523402e-11 1.47686143776653e-09 15.8980193422
MXD1 -1.22689834204728 5.75503506488564 -10.8137595991762 1.2446469652964e-16 2.92753412707367e-13 27.4477987478092
MXD3 -1.00613267754636 4.05609794543819 -4.71367213695403 1.1861111238957e-05 0.000111371336307987 2.88859734785274
MYC 1.04585708318535 8.12291094632286 8.42258186092682 2.8540540743928e-12 3.83601176478817e-10 17.673437208291
N4BP2L2 /// U50535 1.03040787074184 9.897754875891 11.3312353911068 1.50789704074083e-17 5.06674947075214e-14 29.4968428453801
NABP1 1.33373109788904 6.72978612338902 9.89921382236217 5.52795780813898e-15 3.76594755387907e-12 23.7588466745178
NACA 1.1002081064908 10.7432627448408 8.09322760620523 1.16079730190845e-11 1.06652786477299e-09 16.3060618194611
NAGK -1.37386098845739 8.1825593427646 -6.38279397669081 1.58405822055718e-08 4.00200143992754e-07 9.2798451538505
NAPSB -1.70518682364281 7.21444621868197 -8.94382604960788 3.11060445994858e-13 6.83360394855622e-11 19.8336201946712
NARR /// RAB34 -1.03655692322993 5.71154222043028 -5.16707613693441 2.11075492088274e-06 2.52347052357505e-05 4.54647928353665
NASP /// NASP -2.89660727861546 4.56212358622001 -9.53498270829579 2.55252121223598e-14 1.07210448987504e-11 22.2694018655427
NAT8B -1.20998596035841 3.84025825775786 -4.24163142571445 6.61990765318032e-05 0.000486736004721645 1.24785455706028
NCF2 -1.41563443318191 7.31890955980113 -6.59012079259256 6.69335630694939e-09 1.91993211824093e-07 10.1166828171863
NFIL3 -1.04318257496621 7.64660635733888 -6.91938740617213 1.68583784011665e-09 6.10979843411153e-08 11.4574209778952
NFKBID -1.3644999599823 4.48434196796054 -9.73085350524907 1.11987104022996e-14 5.99833506708436e-12 23.071615956659
NFKBIE -1.11549766092995 6.56398691842836 -9.1636087306692 1.2252148869766e-13 3.44309418478486e-11 20.7414445956913
NINJ1 -1.32342906145931 6.48572091114258 -5.98092639004481 8.2566737829893e-08 1.62378949874324e-06 7.67824582111646
NKG7 -1.63837232991764 10.4160872925791 -5.95559665042044 9.15347284144895e-08 1.76238964432669e-06 7.57833641097335
NLRP3 -1.05467139436794 3.55586563515085 -5.78627103258547 1.81767579296753e-07 3.14133374918363e-06 6.91402864873974
NME3 -1.15132737128719 8.05161352300635 -3.929885013503 0.000195852779232326 0.00123986674196112 0.220234200699299
NOB1 -1.06784037885332 6.7793767619088 -8.18349608551243 7.90219562573801e-12 8.1520852330256e-10 16.6808515753098
NOP2 -1.02140951123509 6.68468943054864 -9.59256633256238 2.00291958488596e-14 9.51344979551966e-12 22.5055281523097
NPM1P22 /// NPM1P22 1.00785518971666 2.7929039830934 4.8089702347988 8.29835696448847e-06 8.20452518544487e-05 3.23090879938692
NPRL2 -1.06313667521564 7.45984617822873 -7.88629123390304 2.80228881041341e-11 2.20351713510202e-09 15.4471693604563
NR1H2 -1.21929026682364 4.23730928606497 -5.4895254000867 5.95783641205452e-07 8.61304672697814e-06 5.76628623094268
NR4A3 -1.47838126064959 3.17993635674955 -7.7270082626826 5.51957041792613e-11 3.76306712463885e-09 14.7866544816646
NT5C1B-RDH14 /// RDH14 1.05306638895039 9.45721795523756 10.9105886747571 8.3676381161658e-17 2.4601902016292e-13 27.8334737009634
NTN4 1.23387684777906 3.31691604942645 3.9832704791263 0.000163160113837309 0.00106130780906177 0.392766990910299
NUDT9 1.0717817555465 7.68113367858107 8.52056308159856 1.88056512492939e-12 2.88908316355803e-10 18.0800322975486
OLIG1 -1.33410866853349 4.9385208924362 -5.36616257789503 9.69824020566735e-07 1.30201088971177e-05 5.29600546395761
OR52K3P -1.01803267690606 3.10217777750143 -4.25849975982526 6.23497034335053e-05 0.000462481038933926 1.30479861446163
P2RX1 -1.84227852522922 5.3181359609316 -8.01000791182349 1.65465628364442e-11 1.40502420388449e-09 15.960587364026
P2RX4 -1.72203930442249 5.56079056885224 -6.4602922143055 1.14873952413572e-08 3.03249184592551e-07 9.59190347663481
P2RX5 /// P2RX5-TAX1BP3 /// TAX1BP3 -1.06604613279391 3.95763982686492 -4.59914217020632 1.81429904927091e-05 0.000161034445048684 2.48189230377819
PAPSS2 -1.12245581058169 3.85645617183252 -6.74131430381022 3.55888882040596e-09 1.14356043640394e-07 10.7307108252856
PDCD5 1.07743390564925 5.37919946469856 8.22432690195198 6.64055738665662e-12 7.40524902837389e-10 16.8503844022761
PDLIM1 -1.19207029365425 9.2442280263216 -7.14209023737788 6.59461059315995e-10 2.81844365441111e-08 12.3708015852471
PDZK1IP1 -1.06307773828166 4.91901806873441 -3.9679714791396 0.000171950306564363 0.00110685362909151 0.343173160293887
PEX16 -1.12809285824429 6.64926439834355 -6.99833016315127 1.20929450775518e-09 4.5661426438401e-08 11.780662262992
PF4 -1.3484798723255 9.91764428557283 -5.83893842533719 1.46933232992457e-07 2.62849768039658e-06 7.11997185424724
PF4V1 -1.37676799735052 5.82116894077102 -4.24093399167927 6.63630779146325e-05 0.000487636974579841 1.24550301614251
PFKFB3 -1.0317520452564 9.70844103988894 -5.48129438243246 6.15544962796667e-07 8.84977571512249e-06 5.7347760818611
PHF5A -1.06764493128744 6.91682296225354 -6.74430127374517 3.5146594486317e-09 1.13711561060889e-07 10.7428705393748
PILRA -1.30558512565584 4.67912394604442 -8.97818437059335 2.68861145018412e-13 6.13969222522143e-11 19.9756870142613
PIP5KL1 -1.33126574070117 4.17527360341141 -4.91637326572969 5.52767547840922e-06 5.78622407332725e-05 3.62076481485959
PLAUR -1.91027933772103 4.63177089312251 -10.4396234390463 5.82223619366623e-16 8.55905109445146e-13 25.9483755411284
PLBD1 -1.65626006012494 7.52888736793852 -6.16835422360724 3.83579095893196e-08 8.46356840009744e-07 8.42153034211298
PLOD1 -1.1869139631001 5.09322334523898 -7.78405734480528 4.33008263507753e-11 3.10511809937983e-09 15.0231448116382
POLD4 -1.0580727420661 6.85692956190817 -4.86913450124833 6.61234707539611e-06 6.73577373583335e-05 3.44877667123877
POMC -1.0065009531659 2.09145425151243 -5.64675191216998 3.18433822371224e-07 5.04709025336494e-06 6.37163962113464
PPBP -1.18185246948167 10.2759505485232 -5.1305308326423 2.43166456456304e-06 2.86262173288725e-05 4.4102318202401
PPIF -1.1855874938376 5.75800181098523 -7.17782701211894 5.67044822956859e-10 2.50233795136365e-08 12.5177757903027
PPP1R16A -1.01013971548862 3.53680914626988 -5.06088556421884 3.18098455634839e-06 3.60578013252388e-05 4.15178777313176
PRAM1 -1.43666044238662 5.50339162345494 -6.42998137573005 1.30270412368167e-08 3.4112069397495e-07 9.4697415523495
PRC1 -1.27434105592203 6.80757113202042 -8.40048825947876 3.13562175174688e-12 4.12027705155521e-10 17.5817343551257
PRH1 /// PRH1-PRR4 /// PRH2 -1.05838714414959 3.02506397167361 -3.99420801824449 0.000157142232010329 0.00102813419725033 0.428295907227344
PRKAR2B -1.26321862171208 7.5396786228173 -4.54554525344324 2.20987641012833e-05 0.000190258063845639 2.29338669971836
PRKCD -1.89780197323275 6.20621690619219 -8.26727339174725 5.53030564846667e-12 6.40779897328002e-10 17.0286986142749
PRMT7 -1.05610676977134 6.08866276797712 -5.09920999041475 2.74438832137447e-06 3.18297621829629e-05 4.29380668523201
PRPS2 1.01223026164401 7.23961849732498 8.15839783159034 8.7939419045499e-12 8.72723708337175e-10 16.5766421409298
PRR7 -1.1620170156768 3.69928281279767 -5.3429217143574 1.0625875711779e-06 1.41523908616508e-05 5.20789315255877
PSAP -1.35814328414411 8.70685797319955 -7.27592367168592 3.74476725563923e-10 1.76868816505804e-08 12.9217215238577
PSMC3 -1.38453745764846 5.36327658013605 -5.2433646001961 1.56886412628662e-06 1.97544181554538e-05 4.83226108239367
PSTPIP1 -1.06227942754638 7.72470339591668 -5.40895890321071 8.19365780804513e-07 1.1276947062787e-05 5.458666214627
PTGDS -1.42866039507744 6.9126275941453 -7.92071222057669 2.42027008694431e-11 1.94956070941839e-09 15.5899876870298
PTGS1 -1.04838861688809 6.14777201255994 -4.94526440756892 4.95217475325799e-06 5.26820906247766e-05 3.72634623487217
PTGS2 -1.42684006533751 2.64398145917568 -5.51682474495355 5.34607838229746e-07 7.86219873696213e-06 5.87092588980864
PUS7L 1.03619956446091 4.89948022318737 5.94378979910622 9.6037543030632e-08 1.82758822785072e-06 7.53181208899506
PVALB -1.09496432163802 4.00139047940331 -4.67823201666577 1.35351544518661e-05 0.00012514165403394 2.76219014526672
PYGL -1.11072286806789 5.35503428940078 -5.99104159519546 7.923324991761e-08 1.57402472239198e-06 7.71818105656752
RAB13 -1.08911340486945 4.89657030863232 -7.62303356736078 8.58829837359887e-11 5.35823252109865e-09 14.355927003869
RAB31 -1.05835203495533 7.71971173996812 -4.45148896658806 3.11558998669739e-05 0.000255961551090147 1.96548738395239
RAP2A /// RAP2B -1.2790120458796 5.37895323441907 -6.73730321454217 3.6191539742739e-09 1.15817851195777e-07 10.7143837007923
RAPGEF1 -1.40601042495961 5.51365743376647 -8.00675432778926 1.67774591048489e-11 1.41441797707939e-09 15.9470821011827
RBM34 1.04179194437436 6.68516887775013 7.66372086450646 7.22423425648201e-11 4.65537572456749e-09 14.5244307661254
RBMXL1 1.05438750943491 6.55035370527413 8.16068318501093 8.70874005757465e-12 8.67958791924632e-10 16.5861310107353
RBP7 -1.37619565725429 3.792845516133 -5.46207259495373 6.64239704116389e-07 9.42668166623925e-06 5.66126319497675
RGS18 -1.51231865401068 8.57367239547072 -6.26195317801563 2.60974307538548e-08 6.10783750011361e-07 8.7951936060179
RHEBL1 -1.11554534585574 5.64146912281064 -7.14351143653209 6.5551440970825e-10 2.80877879014846e-08 12.376644561791
RHOBTB1 -1.34259176475054 3.17266386110982 -3.66283263033839 0.000478357311795817 0.00267700269587186 -0.620040917802675
RMI2 1.06722374294321 4.43374683186833 4.92147012128873 5.42160452361683e-06 5.68531252786409e-05 3.63936950297169
RND1 -1.30924484469849 4.04982638435722 -6.48090901311765 1.05447360337689e-08 2.82486032175715e-07 9.67507486321409
RNF149 1.360361657765 8.64684690921175 10.2535112413987 1.26038549082681e-15 1.50959039016791e-12 25.1973183193041
RNF25 -1.83394651602624 2.91774048896997 -7.54255876357696 1.20891650478564e-10 7.02096916273161e-09 14.0228517809009
RP11-258C19.7 1.19649649616453 5.23402895950973 11.3559110650001 1.36448588560403e-17 5.06674947075214e-14 29.5937889464224
RP11-301O19.1 -1.15462305339461 3.84880819634317 -4.25001717181448 6.42575812756743e-05 0.000474335140608009 1.2761465722549
RP11-44F14.8 1.37098185509187 3.71319505757603 5.3095450178883 1.21123342211153e-06 1.5845061914063e-05 5.08163080812446
RP11-50B3.4 1.03742166272838 6.5718108745519 8.2170036099549 6.85099495661733e-12 7.45488150564953e-10 16.8199775828582
RP11-53O19.3 1.39265112084256 5.01170352398375 8.47720295422573 2.26180655806997e-12 3.20481638869662e-10 17.900119790106
RP11-727A23.11 -1.77339494409202 3.9347707639123 -8.36442874075092 3.6561200017094e-12 4.64841073298416e-10 17.432050901195
RP11-732A19.1 1.34374563679385 1.87369934892609 5.22119965928994 1.71039651706158e-06 2.11961203781904e-05 4.74904218981544
RP11-874J12.4 -1.43686675953832 3.12010282418901 -5.55229677987341 4.64276500916905e-07 6.94532065517018e-06 6.00719063589526
RP11-97C16.1 1.20883546223829 7.4892168520135 9.27189547005254 7.74860451953405e-14 2.56697080146423e-11 21.1878230767026
RP3-368A4.6 1.07475530086987 6.2139700499276 8.09513012620641 1.15142750313189e-11 1.06206769808491e-09 16.3139605657059
RP3-525N10.2 -1.28506724596533 3.09606391894341 -5.09451881060925 2.79450051491434e-06 3.22994823642753e-05 4.27639642992052
RPL18A /// SNORA68 -1.233004225765 7.35615949557508 -6.57724783495478 7.06229119098317e-09 2.01104299156314e-07 10.0645423125289
RPPH1 -1.43762973600663 3.17444610218258 -5.3021834537067 1.24667104756205e-06 1.62724471197042e-05 5.05382690356244
S100A12 -1.49029568858266 5.97553870620985 -5.4838931076777 6.092371737476e-07 8.76444499309926e-06 5.74472257529767
S100A8 -1.2072086512229 7.69138021790483 -4.05827844906134 0.000125952941873699 0.000849108382290418 0.637635047327651
S100A9 -1.79097927874576 6.82888285086832 -5.99891808264303 7.67299894022498e-08 1.53336115610052e-06 7.74929236178951
SCG5 1.04893168795235 2.84787501636019 4.59258697578917 1.85870518686303e-05 0.000164232173930148 2.45877370664737
SDHAF2 -1.27202681270903 7.35201767058206 -8.73956281039838 7.40743676071907e-13 1.34656927697701e-10 18.9880581494561
SDPR -1.26578780780557 5.23595006941936 -5.66306762297334 2.98291581979721e-07 4.79543133155879e-06 6.43482270309336
SELO -1.12071951298518 6.98415008278947 -4.95900611568159 4.69942608082841e-06 5.03577224816242e-05 3.7766682371118
SEPT3 1.06978869830258 2.88110708525117 5.33916598174187 1.07837500913505e-06 1.43221110050059e-05 5.19366899190676
SERPINB2 -2.5331574106962 2.94661951826733 -8.25282336993332 5.88142797930552e-12 6.74814963420708e-10 16.9687026485156
SERPINF1 -1.65778271026412 5.01171655795771 -6.76221204845604 3.26067402921738e-09 1.07415005379863e-07 10.8158063293301
SFTPD -1.5805488983896 2.31467813527221 -5.85723415999006 1.36447146440431e-07 2.46874871648107e-06 7.19166031315803
SH3BGRL2 -1.37417554320461 5.72706467146222 -4.90902280128658 5.68422650678106e-06 5.91325482821749e-05 3.59395028149973
SIGLEC10 -1.2846443861669 4.75140679969502 -7.28108999230683 3.66376167273759e-10 1.744440046649e-08 12.9430149821081
SIRPB2 -1.14111908984608 2.82175813349787 -5.02367298416155 3.66969983774447e-06 4.08495077537093e-05 4.01435974408001
SLAMF7 -1.10436803448808 4.94622688333195 -8.16758355786309 8.45645875808439e-12 8.46401559357034e-10 16.6147816827408
SLC15A3 -1.68583518822502 5.89511150773156 -8.43289286968951 2.73145025223279e-12 3.69232421740043e-10 17.716232327582
SLC22A4 -1.395722481337 3.24542088587554 -6.16153753734217 3.94467628543574e-08 8.65510549531101e-07 8.39437892478347
SLC27A3 -1.00439153048134 6.61978110052604 -7.71399261660369 5.83375971211221e-11 3.93168659566165e-09 14.7327142410091
SLC2A6 -1.57376703369475 6.05449755665843 -5.97720300185588 8.38283840636735e-08 1.64447658178621e-06 7.6635510733556
SLC2A8 -1.22986630128215 3.66606527265577 -7.11120380266904 7.5132516495483e-10 3.13331900796144e-08 12.2438595407725
SLC32A1 -1.18939353022544 2.87292249007707 -5.73786995740955 2.20903252839087e-07 3.69024531962227e-06 6.72533583497254
SLC35D3 -1.47027239732236 2.71284831941534 -5.83742460223808 1.47835694049188e-07 2.63627244862089e-06 7.11404358879167
SLC3A2 -1.16074092254109 7.83321820853111 -6.51465384597043 9.16467765488886e-09 2.49782599212794e-07 9.81134264769074
SLC43A2 -1.26639676306911 4.8115380081462 -8.10413058551741 1.10811550621606e-11 1.030197028526e-09 16.3513283548149
SLC46A2 -1.40844413987521 2.75471120267933 -4.82134608203106 7.9203777194306e-06 7.86387523591081e-05 3.2756149819085
SLC4A3 -1.11903618467643 1.62312689450623 -4.59774527638967 1.82367449654966e-05 0.000161744524258463 2.47696432483879
SLC7A5 -1.4989937892734 7.85757323875148 -7.42189190534611 2.01750719398511e-10 1.06877897994873e-08 13.524017511802
SLC7A7 -1.50847975457197 8.28173249382662 -6.90613607346649 1.78242314117537e-09 6.38118336432053e-08 11.4032233353479
SNORD3A /// SNORD3B-1 /// SNORD3B-2 /// SNORD3C /// SNORD3D -2.00898140392762 8.29220872435057 -7.95455970160513 2.09540066717956e-11 1.72328388436121e-09 15.7304482828821
SNRPB -1.27718206712763 10.0048493768261 -6.42044040990825 1.35527767455722e-08 3.51848633369321e-07 9.43131772939871
SPARC -1.66982411422303 6.07456215726869 -6.90233098348316 1.81116082370913e-09 6.46438751661037e-08 11.387663981666
SPHK1 -1.14422459012094 5.69618128024795 -6.08171970030371 5.47134547283159e-08 1.14088224172404e-06 8.07710891396184
SSR2 -1.12595845253474 10.9186296407339 -7.36552210673658 2.56217800736869e-10 1.30443698942249e-08 13.2912640472578
STAC3 -1.04697899889502 3.24058329956525 -6.23380200919804 2.93067741888901e-08 6.72511839704278e-07 8.68264506566862
SYAP1 -1.11941490232238 7.67435952209329 -6.33447382859512 1.93458829498312e-08 4.73008849129916e-07 9.08575853419534
SYDE2 1.04690193721397 3.29682351898179 5.59955990821399 3.84547972841314e-07 5.93938898483711e-06 6.189265317018
SYNGR1 -1.2453226949563 4.95915998648831 -6.51401922998143 9.18889858007115e-09 2.50152874423442e-07 9.80877841719232
TCEAL2 1.27883258381527 5.99463827101193 5.1212746078637 2.52025553642743e-06 2.95213797172857e-05 4.37579144556079
TCL1A -1.05590934205282 6.31894361768535 -4.61718252313416 1.69735194687531e-05 0.000152263215646278 2.5456065714252
TEN1 /// TEN1-CDK3 -1.31304032212412 4.41548292553683 -5.67795449237092 2.8101209289026e-07 4.53961911873063e-06 6.49253034330633
TGFB1I1 -1.24700884507064 3.4841651483614 -5.69649597768897 2.60865362830424e-07 4.26565447710194e-06 6.56448120126262
THBD -1.42052214958861 3.28499699464061 -7.29789701120032 3.41212262339916e-10 1.64123795961087e-08 13.0122994163649
THBS1 -1.06649884191587 3.55400683134205 -6.91281535570468 1.73307083191321e-09 6.23507378238652e-08 11.4305391685648
TIMM44 -1.20619494673177 5.22097499938208 -6.42977807382026 1.30380300107767e-08 3.4112069397495e-07 9.46892265864502
TKT -1.20334982180794 5.84699267173316 -10.0670848184446 2.74025779102962e-15 2.22253805182096e-12 24.441778534869
TMCO5B 1.00125517720831 4.96953491273766 5.21124562140097 1.77796448080968e-06 2.19168016506201e-05 4.71171910060262
TMEM150B -1.11831975642319 3.74246707527051 -5.64589466485982 3.1952841237213e-07 5.06102881306726e-06 6.36832174718355
TMEM158 -2.22408571040777 5.45572220065866 -5.86872830908456 1.30241005129886e-07 2.37472766020159e-06 7.23673627361506
TMEM181 1.41496480287766 7.72557830825842 10.0544725946791 2.88838585925447e-15 2.26459079318415e-12 24.3905528863217
TMEM40 -1.01708038032111 5.0095909880281 -5.13402237526456 2.39904615940648e-06 2.82705234045089e-05 4.42323030944283
TMEM45B 1.10798944559704 5.85759154362006 7.97358825204531 1.93229293651587e-11 1.60033317464048e-09 15.8094216117191
TMEM55A 1.07039955425297 4.67284776775234 5.10227820330234 2.71209037297735e-06 3.14862179974335e-05 4.30519758454188
TMEM55B -1.21288453668417 8.99741169523387 -6.85974425056985 2.16599613956789e-09 7.54761410352243e-08 11.2136277113549
TMEM88 -1.21160231015486 4.30195832729787 -5.79039966346846 1.78765037298087e-07 3.09626836692806e-06 6.93014963120236
TNFAIP2 -1.24544121982815 5.33161801485208 -7.22915010142793 4.56433864139368e-10 2.06061054096393e-08 12.7290265610943
TNFRSF17 1.24338071170314 3.88691924835798 3.79632963345933 0.0003074557564668 0.00183578989220187 -0.204840852659322
TNFRSF21 -1.07937598989638 3.84790423159256 -4.95618263913472 4.75030609687729e-06 5.08334621040268e-05 3.76632327721874
TNFSF13 -1.17520030875511 7.76570176856168 -8.92844082785083 3.32050385194329e-13 7.10014282741437e-11 19.7699881494925
TNNC2 -1.07159711475144 3.95834665366419 -6.49273962302401 1.00388935999038e-08 2.71096230038275e-07 9.72282997554573
TNNI2 -1.10545826467657 2.27804658948024 -4.60273622052131 1.7903920591034e-05 0.000159393685170973 2.49457509198738
TP53INP2 -1.54382017685659 6.81343836876334 -10.2491200295993 1.28361072247601e-15 1.50959039016791e-12 25.1795581011063
TRAPPC6B 1.47484859195976 6.64109342832483 8.48036376342586 2.23157275265404e-12 3.20481638869662e-10 17.9132359633324
TRBV27 -1.35173634271769 6.9414496987661 -5.42917031084489 7.56533864711244e-07 1.05230236734909e-05 5.53566740654734
TREM1 -1.80873688245715 4.82685482621403 -7.53622131822659 1.24189542849053e-10 7.16150787986638e-09 13.996634426282
TREML1 -2.20037093168098 5.16407611941705 -7.56138822245522 1.11599708405266e-10 6.56234185350066e-09 14.1007584960927
TRIM78P 1.01664025004578 2.827931803382 4.48043387372943 2.80409232061206e-05 0.000234381860245616 2.06599474666081
TST -1.22235913592246 6.04485136511474 -6.87521803397648 2.02971118418492e-09 7.13614899300649e-08 11.2768409118951
TUBB1 -1.3881413881427 5.71579870590184 -5.72970489010693 2.28279260571192e-07 3.79728181605022e-06 6.69355884486427
TUBB6 -1.07008900148976 4.70295590220882 -6.69190666567572 4.3761149302899e-09 1.35613437780433e-07 10.5297348244062
TXN 1.04556187427139 6.8737670280131 7.05270401193785 9.61644842420784e-10 3.78241611013031e-08 12.0036517336599
TYROBP -1.83961138586458 8.87221654162096 -8.73779365011387 7.46335969340653e-13 1.34656927697701e-10 18.980728136263
UBAP1 -1.09832279131841 7.73022852716743 -11.4492334343283 9.35587510518878e-18 4.40119076698291e-14 29.9597869832102
UBE2M -1.20246286545334 5.21389463573214 -3.65169060346409 0.000496133128215077 0.00276267691968438 -0.654243601058343
UBL7 -1.52494371582734 5.34466178433283 -7.4884002272232 1.52146097621488e-10 8.50030489823046e-09 13.7988672647184
UBQLN2 1.02787538919248 7.43877651895952 8.2128666405063 6.97280698627991e-12 7.45488150564953e-10 16.802800567218
UPF1 -1.41922436291571 6.29322908966397 -7.41030919889494 2.11908556593422e-10 1.11256722313256e-08 13.4761765787808
VCAN -1.11354620744037 5.17370873549776 -4.07135775324429 0.000120363335008247 0.000816575137793184 0.680622237873045
VENTX -1.07662151143225 2.6668641359074 -4.65902134829015 1.45365675236046e-05 0.000132885582869298 2.69387662770876
VMO1 -1.82826903044918 3.47872126577445 -6.31937779854708 2.05911484903838e-08 4.96742978094686e-07 9.02520100552091
VPS25 -1.14519367752214 7.46173911119136 -8.34990602155684 3.88941152581511e-12 4.84036235442842e-10 17.3717629437734
VPS37B -1.04730770724104 8.0671488478224 -6.15508617080813 4.05054220111197e-08 8.81339529253974e-07 8.36869053743712
VSTM1 -1.45695588621841 2.53328390903233 -5.25888924743157 1.47664440596694e-06 1.87943096451515e-05 4.89063894486744
WASF3 -1.10242378516922 5.46149240531968 -3.30091555756332 0.00151313698762338 0.00706861868637327 -1.69364629080162
XRN2 -1.01069820243882 4.62546789171889 -4.63468227959913 1.5909343176523e-05 0.000143703402786097 2.60753740677223
ZAP70 -1.16324630846876 8.57413026285992 -5.23209130793364 1.63934953083266e-06 2.04775041501407e-05 4.78991619454624
ZBTB16 -1.27318287754535 7.89131713676833 -7.78591460293817 4.29599639371643e-11 3.1022348598749e-09 15.03084551244
ZFX /// ZFY -1.14541891266554 3.48080220771491 -4.92927876870039 5.26294645656123e-06 5.5436526468776e-05 3.66789079878976
ZKSCAN2 -1.21249078095443 4.16255539396417 -5.69656146977243 2.6079678819566e-07 4.26565447710194e-06 6.56473549483579
ZNF185 -1.44430123978885 6.97050200247324 -7.18007138111778 5.61691634273332e-10 2.48337385897425e-08 12.5270095797616
ZNF32 -1.00772341244128 6.96300509653927 -5.42368613653021 7.73098280425686e-07 1.07217244421536e-05 5.51476246341653
ZNF439 1.27522751394369 5.52931787055783 6.83651768046651 2.38782415444001e-09 8.23519236606797e-08 11.1187920423834
ZNF613 1.09343086842422 2.51550210264011 4.23501938556074 6.77697677312761e-05 0.000495496644950993 1.22556985393874
ZNF680 1.01891621290465 5.66865992749688 9.37972681687994 4.91300219705058e-14 1.77782653348964e-11 21.631654166817
ZNF703 -2.88874595876551 4.89499980840019 -10.8708485863182 9.84751176812356e-17 2.57359249220038e-13 27.6753094100209
ZNF780A 1.06215196017072 3.27436369999187 4.00319709392965 0.000152356650848574 0.00100155974975107 0.457541152589047
