logFC AveExpr t P.Value adj.P.Val B
AB074162 /// MIR181A2HG -1.43718664226696 3.97232454215212 -3.04779028173861 0.00486798003000989 0.048916538499927 -2.41348281462615
ABCB4 1.07143327602104 3.82637009887161 3.4426031744694 0.00176615351790267 0.0237924953577254 -1.47182020076088
AC008746.12 -1.0964476921115 3.07579323205487 -3.91965539245195 0.000494983985183944 0.00986654094534877 -0.275580275623278
AHSP 1.57352648832547 5.46946951563512 5.50976640901931 6.08527143525689e-06 0.000488503991224155 3.91927551033466
AKAP12 1.03300640362595 2.6318881667429 4.52951173064295 9.29092882470926e-05 0.0030912013499326 1.31305653981234
ALAS2 1.9112061229667 3.77320814352394 6.43737100668774 4.75184193499083e-07 8.93279369099854e-05 6.36095645951002
ALYREF -1.34978225140306 6.78620901372182 -9.86137563015044 8.70480419913879e-11 4.09491399135887e-07 14.4918820406401
ANKDD1A 1.12948632267427 3.89739190818343 5.45280347717176 7.1281880622694e-06 0.000527899048420496 3.76776666413974
AREG 1.22414810511284 2.51512653026566 4.37824988602176 0.000141145800221159 0.00414986295875236 0.914781497616027
ARPC4 -1.5898200026141 7.52061934539358 -8.19891560992424 4.72177560823102e-09 3.82968565797248e-06 10.7498690106877
ARPC4 /// ARPC4-TTLL3 -1.45853582350862 8.05574848809893 -8.56425132292702 1.90307806786383e-09 2.23811496171126e-06 11.607277427532
ATF6B /// TNXB -1.2973785260304 3.63396868136464 -3.36631653872782 0.00215517456184245 0.0272683490420099 -1.65769263585422
BANK1 1.23777866217395 7.78691946270963 5.29931991922885 1.09220178741598e-05 0.000736093932430124 3.35913011977249
BC032415 1.22859905111369 3.21507398780846 4.2304025450704 0.000212040967446132 0.00550487372549722 0.527821364515917
BCL7A 1.20629042943565 3.5871400707822 4.11414739118267 0.000291574623129216 0.00679022446596267 0.225509494422179
BRE-AS1 1.74904983801389 3.48656049443526 4.64497686931091 6.74561611781106e-05 0.00242604949093324 1.61836835686038
C8orf31 -1.34015767674543 4.07673890889373 -4.14005915100321 0.000271627287994633 0.00647966069059003 0.292725385487422
CAD 1.20496762827685 4.26718613353911 8.99543813019154 6.6596322132715e-10 1.21290072837414e-06 12.5939443839191
CAMP 1.62146348918341 5.47517233940037 5.82419763212656 2.54790526793989e-06 0.000269172752671323 4.75322561403678
CASP2 -1.105299678545 5.26818364406116 -6.6079194876253 2.99535899642285e-07 7.18916724029202e-05 6.80222900818297
CCDC60 -1.33659629499372 4.01587931092756 -6.44822552033589 4.61393619500389e-07 8.82312140184442e-05 6.38912740614057
CCDC68 1.10806636815114 1.54399832270247 3.51020036533334 0.00147888598394647 0.0210053606451721 -1.30572514423093
CCNA1 1.29541104370547 1.76658476707987 4.26719777060727 0.000191651194974285 0.00511701136304613 0.623881763748592
CCR3 1.71222188731229 4.17529164488441 6.10110188595159 1.18929496521886e-06 0.00015893981180064 5.48292720886713
CD200 1.18822313141705 4.95086838507105 6.02664457937881 1.45894423528504e-06 0.000186499061729019 5.28724470886822
CD22 1.49600228713255 5.09182665983466 5.97193872772476 1.69572376119619e-06 0.000206658645528992 5.14321195507643
CD24 1.514896006867 5.88676892900637 5.32015336628277 1.03069929341995e-05 0.000700666996547128 3.41462360425945
CD3G 1.03957719774111 6.97743710010306 4.77477074491363 4.70350056215294e-05 0.00187776607878096 1.96259645565122
CD72 1.12819476276807 5.83160295295892 3.77913721849863 0.000723065211141821 0.0127299527180141 -0.633315562226212
CEACAM8 2.87549502777624 3.64749608579567 5.93567741415581 1.87369411694014e-06 0.000224852853696679 5.04762598689941
CES4A 1.0288803909902 3.6883961816049 3.13646437919756 0.0038911521135061 0.0415206240105994 -2.20661922603885
CHI3L1 1.44818252445636 2.76987353617791 5.98474197596768 1.63704448501707e-06 0.000201596457236055 5.1769401037787
CHL1-AS2 /// CHL1-AS2 1.05049454403003 6.33634558188123 7.6937586595592 1.70639554954641e-08 1.02913153130465e-05 9.53273295457728
CLC 2.67236044571216 7.64166692957192 7.96108997714999 8.61081598019981e-09 5.95691184324352e-06 10.1813381466367
CLLU1 /// LOC100507616 1.21609596039386 3.69650912873899 3.30872325071529 0.00250232676280965 0.030495972947174 -1.79685374975647
COPG1 -1.17024119203556 5.88012404010699 -8.65088853065764 1.5380823126998e-09 2.00984633761178e-06 11.8077360385851
CPA3 1.99458290989489 5.11540933706903 6.92218474727407 1.28954189337203e-07 3.93913180181863e-05 7.60723124901276
CRISP3 2.43365815038961 2.05551661818642 6.08329160308603 1.24882717085711e-06 0.000165952903309209 5.43615795110886
CTD-2639E6.4 -1.32073236389907 2.79036655163886 -3.55433140265656 0.00131634360778869 0.019326915105367 -1.19661738222615
CXCL8 1.45565582244163 6.82809276043307 6.329531163785 6.37065399303718e-07 0.000102763185947702 6.0804697276945
CYP4F3 1.06442335874662 4.10071509049648 3.72186215075479 0.000843055198355841 0.0141410752298379 -0.777949565735835
CYSRT1 -1.21519440040483 2.72450531826308 -5.4675574903211 6.84195996369361e-06 0.000510888064463611 3.80701850838822
DDIT4L -1.36370969460405 3.15585751456403 -4.84646968899122 3.85311825485542e-05 0.00164189029554027 2.15311224158849
DEFA1 /// DEFA1B /// DEFA3 2.89310132487844 8.48238707383177 5.12953667183928 1.75207408976033e-05 0.000978872557369421 2.90675079250126
DENND4B 2.48480939863632 6.39325030829646 6.19406343451285 9.22019111945395e-07 0.000130331514740115 5.72663308930661
DNAJB7 -1.23967656380459 2.12699175240475 -3.86208016212113 0.000578350706810481 0.0108740103716142 -0.422631469003776
DRAXIN -1.02672072573322 2.82338401681314 -3.69363830239675 0.000909118210115238 0.0148702151739364 -0.848952405312354
EBF1 1.03104638429784 4.2596778488937 3.86883673204868 0.000567897078997283 0.0107375459767645 -0.405407816760517
EGFL6 -1.17265025353259 2.29320345235862 -3.25957997766523 0.00284052395686322 0.033289468853702 -1.91476736887112
EIF4A1 /// SNORA48 /// SNORA67 /// SNORD10 1.31162178894482 8.34271017579654 10.20367590881 4.00074964228615e-11 2.35254080840531e-07 15.2114865845199
EIF5 /// SNORA28 1.36829220399121 6.83175316080337 7.74618789196809 1.49113966354722e-08 9.47921514224167e-06 9.66072136541139
EIF5A -1.14239460938761 7.01454186554507 -4.44071529656973 0.000118782962326147 0.00362843384009521 1.0789931768463
EPB42 2.68994240311313 4.00235199138541 7.11297310359972 7.77069757896851e-08 2.85545955607018e-05 8.09037844549653
EPHA2 -1.25933498448533 2.72163573170852 -5.08794588136082 1.96720726892865e-05 0.0010589269077425 2.79593409418971
FAM129C 1.27471855451451 5.0121115013622 5.40993225205299 8.02998634813779e-06 0.000574083005758507 3.65367768338072
FAM215A -1.12485103490683 2.82283108396696 -3.04349622931437 0.0049207683985556 0.0491888625169683 -2.42342557631119
FCER2 1.41661526136397 4.32883639860128 4.75877228434137 4.91742768546541e-05 0.00194137883811531 1.92011754921933
FCRLA 1.32040853252244 5.99240903342547 4.0571927867266 0.000340624453827482 0.00755120431524619 0.0781252458203205
FKBPL -1.08396432109196 3.90885293271799 -3.55361868445876 0.00131882547851625 0.01933921077318 -1.19838356819229
G0S2 2.28297500989747 5.93967705456874 8.62291038889484 1.64739144572689e-09 2.03938390499696e-06 11.7431221124647
GPR111 1.13455922769328 2.28422328315907 3.62765345755209 0.00108384764353997 0.0169841308618945 -1.01422375176673
GPR21 -1.17340280878892 4.07176600077049 -4.15511773556499 0.000260658939804177 0.00628975965891255 0.331832779118439
HBA1 /// HBA2 1.51055889019562 12.5729936387197 7.24446774219986 5.49393212261733e-08 2.15371295760137e-05 8.42077187551708
HBB 1.13183235720442 10.4405877620194 6.54821740894344 3.51940483799049e-07 7.63045657824088e-05 6.64809206051107
HBD 2.97632309027272 6.96230070319879 7.8383339897998 1.17748609209113e-08 7.75706264597877e-06 9.88474327947969
HBG1 /// HBG2 2.74816707896486 7.72429292275253 7.46822676897271 3.05960328332665e-08 1.411077035826e-05 8.97790488568863
HBM 3.3640177311937 5.36315184809242 8.54323025563946 2.00428320574424e-09 2.24489263249097e-06 11.5584727181969
HBQ1 2.48404957517179 2.53169517191716 6.56829480799938 3.33353647373986e-07 7.63045657824088e-05 6.69996829019108
HDC 1.516365726185 4.8963841040795 6.52357378220043 3.76196933501679e-07 7.63045657824088e-05 6.58436142350007
HINT3 -1.67719780739199 5.62431459248148 -12.0681267587281 7.48778683992893e-13 1.76120234261968e-08 18.8373084055099
HSD17B3 1.09488747248837 2.88742194275806 3.9169450923771 0.00049862976836926 0.00989727492136149 -0.282516676910391
IFI6 -1.03966095425543 6.81068291598892 -4.34673643586591 0.0001539613401657 0.00436304178558726 0.832090959876125
IGHD 1.66869423570538 6.0061288566435 5.24718204061231 1.26273552685955e-05 0.000805601073723686 3.22022861392729
IGHM 1.03104677535622 7.39816331504616 3.92516312370884 0.000487655515490516 0.00977014086869884 -0.261480279717409
IGHV3-73 /// IGHV3-73 1.14561098361442 1.75682567329427 3.03842323450743 0.00498383410923762 0.0496715093573636 -2.43516287929697
IGHV5-78 1.58159559571208 2.96267444333171 4.33606105685318 0.000158558512388283 0.00446107029890526 0.80410359185819
IL4 1.08313397375337 2.68581758934723 5.29537421431641 1.10425793634801e-05 0.000742072174495175 3.34861937619089
IL7 1.2602721808423 4.55346951024749 6.19274130582228 9.25358741618092e-07 0.000130331514740115 5.72317196513703
ITIH3 -1.02945483198834 2.12613953662771 -3.27037988549213 0.00276263176844936 0.0325387390213808 -1.8889213251512
KCNH8 1.75838963786137 3.02347858449597 5.5018472352006 6.2205341983829e-06 0.000492310253659238 3.89821832950635
KLK5 -1.13900725297237 3.20453685153805 -3.82570832432576 0.000637941926776466 0.0116528491712754 -0.515193445658848
KRT1 1.32918157150909 5.15241334648088 3.99120385472308 0.000407654248524044 0.00865382272521122 -0.0919862023132341
LIM2 -1.29543430088347 2.66049914586806 -3.59006040092999 0.00119756968970446 0.0181846589228783 -1.10790908443722
LINC00298 -1.22445525379851 1.62587211775301 -3.39491330403058 0.00200052890798897 0.0258540881564882 -1.58821810857274
LINC00494 1.40420700778067 3.34925549619462 5.2756714389758 1.16648646421007e-05 0.000762136892352366 3.29613137098275
LINC00926 1.4016712194096 6.491653846028 6.04498136792587 1.38728570874446e-06 0.000180278161079439 5.33547452231157
LOC100130458 1.4136208120351 2.82707090507992 3.84520491247699 0.000605289069279072 0.0112456589245759 -0.465609948701536
LOC100134445 1.59838358489408 7.9859250351728 8.9926996130942 6.70367308739587e-10 1.21290072837414e-06 12.5877650587138
LOC100134445 /// LOC100288778 /// LOC100653296 /// WASH1 /// WASH2P /// WASH3P /// WASH5P /// WASH7P 1.21593299163639 2.88771496721587 4.29677086911369 0.000176677505188859 0.00485470981255509 0.701208929955502
LOC100288893 -1.41415396679308 3.54766687926096 -4.93154408929141 3.04076659725734e-05 0.00141347571411245 2.37941987903914
LOC100506476 1.42435662006457 2.75653269011763 4.74165580367087 5.15704273860012e-05 0.00202327999457383 1.8746841659281
LOC100507073 -1.01675514639526 2.89707222171297 -3.51248829006641 0.00147000106236502 0.0208917794488748 -1.30008137381286
LOC100507419 1.1666966926871 2.70334945058237 3.65905049019599 0.000996977087605537 0.0159631709173382 -0.935713421472515
LOC101927699 -1.06956785129566 3.19380657000373 -4.61248943668565 7.38195416674625e-05 0.00259926562808441 1.53236802811202
LOC101928082 /// SH2D6 1.01189195537992 2.72421366075555 3.60373804751763 0.00115491261133191 0.0177084090815761 -1.0738639643121
LOC101929717 -1.06546009119324 2.64121301748917 -3.69773267023989 0.000899230918427976 0.0147717217647095 -0.838663500349371
LOC102724611 1.03336570701911 4.79226831757577 3.97534884065253 0.000425597776110678 0.00890612570453671 -0.132748787412988
LOC149703 -1.00634039764351 2.23402369412602 -3.9767792980106 0.00042394758192552 0.0089046185083676 -0.129072936940872
LOC441179 1.36151842279777 1.61013075760309 4.9870575156492 2.60531143499577e-05 0.00126089568441431 2.52720433353775
LOC652993 1.1131798328616 2.16878003679022 3.25416270040904 0.0028803847112972 0.0336225949351967 -1.92771742445481
LOC727944 -1.27243930179381 2.5299303549522 -3.71161482407265 0.000866481212039647 0.0144190371233114 -0.803749805429232
LPAR2 -1.39420868293006 5.15793887271924 -8.76500986415164 1.16364285473314e-09 1.76451303173864e-06 12.0700937536335
LTF 4.80922683114003 4.64013573430853 9.67492778518496 1.33790993934212e-10 4.91387957551259e-07 14.092648338664
LYPD3 1.27780297720326 2.36516444684152 4.36901918932639 0.000144786207018535 0.00420434120405303 0.890549331142158
MALAT1 1.72185830733311 8.59316192619952 7.10342653570058 7.96939291231562e-08 2.85545955607018e-05 8.06630787990428
MIR612 /// NEAT1 1.02516539433211 7.11177230137899 11.1199668819593 5.37160435176708e-12 6.31727529789567e-08 17.0541615390913
MIRLET7DHG 1.67711841667131 3.91993133725965 3.48108543444106 0.00159659329640179 0.022207847974374 -1.37742007754886
MME 1.18412185289323 2.32303074787026 5.76622674493025 2.99037845459509e-06 0.000299305070768217 4.59983817962124
MMP8 1.95132306125655 3.35033345660084 6.72347820431467 2.19457533623862e-07 5.7998434251313e-05 7.09950709428422
MS4A1 1.33564098643779 8.91486028849404 4.09998965801369 0.000303075687817709 0.00692851265703907 0.188826178127639
MS4A3 2.02840259683557 5.40579340389815 6.50583298866994 3.9470147539893e-07 7.93484906227199e-05 6.53844420188633
MTA2 -1.17793597332741 2.19872774419623 -4.38741278931583 0.000137621746123929 0.00407169948500746 0.938844558092916
NCR1 -1.02037639062698 3.8319631609229 -4.7187716902573 5.49565271998498e-05 0.00211626454850357 1.81396525668235
NFKBIL1 -1.00728297730757 4.71068329356017 -3.35154249782908 0.00223952144340765 0.0280190339736125 -1.69348856518834
NMUR1 -1.60237788532257 3.33706830985936 -3.87095470281972 0.00056465843390985 0.0107193954995913 -0.400006905097355
NPDC1 1.08074984979609 4.86401856100442 3.14343229430721 0.00382289204394286 0.0409949748926023 -2.19024230001345
NR4A2 1.11579585391274 4.94345827140249 4.79420067323446 4.45611830264309e-05 0.00181863869339691 2.01420284603047
NT5E 1.01302294076008 4.40803887305121 5.16990959840012 1.56578425700081e-05 0.000902693841655464 3.01433022595213
NTNG2 1.01709345460545 4.02690018815311 3.8410118146102 0.00061217072785037 0.0113555738878301 -0.47628026511137
OLFM4 1.77592639332164 1.77387990828799 4.35064381412424 0.000152311859023778 0.00433720004370252 0.842337984257135
OR10J1 1.69910207343798 4.87881473711169 5.51707734256698 5.96302276390904e-06 0.000483642270447947 3.93871352335704
OSGIN1 -1.01565484224777 3.28076217237094 -3.70195074118249 0.000889154476055633 0.0146722552551211 -0.828059698111709
P2RX5 1.1400837127893 8.24112099034276 4.90322393331614 3.29017997404705e-05 0.00149001868936341 2.30405911527653
PDGFC -1.0235821641068 5.38081123588344 -4.89506584080001 3.36574382334892e-05 0.00151079504711813 2.28235468943887
PNMAL1 1.11877359110521 1.85398755678799 4.15604859932011 0.000259995426630116 0.00628504874590644 0.33425131424811
PRB3 1.12040245015555 3.57045447530322 3.89518459932938 0.00052887049179573 0.0102383233230678 -0.338157811387067
PTPRK 1.10903920352172 3.68156813286916 4.77827145481195 4.65794048754834e-05 0.0018696146451813 1.97189313526329
RP11-1103G16.1 1.13779772035267 5.57006828425274 4.19289788889871 0.000235025193148769 0.00591865906643704 0.430089363743212
RP11-285J16.1 -1.46959016582768 3.22969481975256 -4.19537884991818 0.000233431669250518 0.00588482989543561 0.436548603134733
RP11-373D23.2 1.98680325159158 6.05521495396233 7.01579686021048 1.00527350930211e-07 3.33028707215421e-05 7.84483924268892
RP11-389C8.2 -1.15146033823584 4.31658297969094 -4.16035107355643 0.000256950211723299 0.00623707526309982 0.345431440747481
RP11-63D14.1 1.01750244698157 2.5814735557525 3.09382861847599 0.00433485572577998 0.0450155150225479 -2.30644498256755
RP13-1032I1.7 -1.04877369080863 3.84953425191236 -4.11147645209084 0.000293710979818799 0.00679958263417123 0.218586660186169
RP13-20L14.1 1.0386963007884 2.16285702726749 3.54161406654125 0.00136131706918502 0.0197895789767002 -1.22811218930497
SAMSN1 1.02599754963627 7.30977955511592 6.40637679426785 5.16903558181609e-07 9.21067317574972e-05 6.2804540989036
SCARNA2 1.14321409916484 3.52094873321725 3.40134555541615 0.00196724921231705 0.025522155942035 -1.57255760063484
SCN3A 1.9262681450961 3.23818774303398 4.68325943748521 6.06543406936804e-05 0.00225628415415083 1.71979745610256
SELENBP1 2.10920214040685 4.77919537403966 6.24958993341264 7.92227754594639e-07 0.000117936639340636 5.87185941535557
SLC16A4 -1.57253558499278 2.4277376640859 -4.71084609664905 5.61801212206781e-05 0.00214515037537592 1.79294274110265
SLC30A10 -1.12679074118347 1.09245692879233 -3.89548253418916 0.000528444564827827 0.0102383233230678 -0.337396602698783
SLC4A1 1.98584034385749 4.24692825909764 6.05509884855316 1.34927952510293e-06 0.000176533654709917 5.36207508201076
SLC6A8 1.39982233286285 3.58980649420631 6.34125535668291 6.1704976778793e-07 0.000101493899217762 6.11101630777955
SNORA21 1.57703793848715 4.3045999365509 6.69848580917525 2.34703536759504e-07 5.915518526255e-05 7.03533523276542
SNRNP40 -1.20450790902878 6.35731872515898 -7.27426805928783 5.08017505564673e-08 2.03920933280453e-05 8.49534486842346
SPNS3 -1.15041681588123 3.20874183366376 -3.29181571650055 0.00261406297169756 0.0313700893659685 -1.83750926684647
STAG3 1.10902019586002 4.18319834098729 4.34088097770943 0.000156466324030877 0.00440747833237156 0.816738287015015
STAT2 -1.17917291448433 6.24008023606363 -9.63657704551533 1.46240198242371e-10 4.91387957551259e-07 14.0098904109471
STRADB 1.30049589169859 7.57300833708805 6.20685061700841 8.90341336607656e-07 0.000128476801094164 5.76010037111393
STRAP 1.08893171730493 7.09784030165429 5.71295795450157 3.46497625863159e-06 0.000335211163555274 4.45873038850302
STT3A -1.33982401331424 6.38609571255578 -6.29832601930096 6.93599937905656e-07 0.000107452221222957 5.99910613948692
TCL1A 1.1762081047387 7.32840357640581 3.96333085331207 0.000439713094797602 0.00909629877109446 -0.163617233663247
TCN1 1.84665214952198 5.16591355904731 5.83173837962321 2.49541932979129e-06 0.000269172752671323 4.77316373850999
TEX10 1.0660531607779 5.15243119175793 5.09900141245731 1.90756736214175e-05 0.00103620997517174 2.82538981062486
THOC6 -1.00129147039233 5.15642365960599 -4.57158355248494 8.26863252741677e-05 0.0028309535033096 1.42418787716348
TMED6 1.04817446013436 3.1714279609452 3.5749017172047 0.00124663353066398 0.0187122318281732 -1.1455852773183
TMEM150B -1.39034811348989 3.89196039051384 -4.18526898014231 0.000239992754039447 0.0060008661964677 0.410232576158997
TRIM58 1.15243322822626 5.60747424329201 4.16273292663056 0.000255279520649386 0.00622220684476084 0.351621895309882
TSPAN13 1.00746050322681 7.64645168230927 5.68960605866807 3.6962873677072e-06 0.00034500148879302 4.39682601315218
TTC25 1.32543555575082 2.44782578889315 4.29356563438134 0.000178242865734985 0.00488643193616143 0.692822865122641
TYRP1 1.1514634415837 2.06005788043486 3.21063780335143 0.00322070509222895 0.0363155342638146 -2.03140928501335
UBE2M -1.13487225614296 6.60444320111941 -6.5234567860745 3.76316042292395e-07 7.63045657824088e-05 6.58405871444778
VPREB3 1.40944538091613 5.30609248077064 6.20107181671341 9.045186514111e-07 0.000129726726828296 5.74497748975286
XIRP1 -1.12720670797817 3.87441205312885 -3.52202131325897 0.00143353397450567 0.0205223083471381 -1.27655045302056
XXYLT1 -1.33091310295426 3.4195978718958 -4.60956808110962 7.44201797672242e-05 0.00261649783005214 1.52463818965004
ZNF501 -1.09725478121768 3.28665076551563 -4.46810716669351 0.00011011967368018 0.00344431495296745 1.15112168452449
