logFC AveExpr t P.Value adj.P.Val B
A2M-AS1 -1.87688041340756 8.01234220752796 -4.89654921760442 7.88595529515938e-05 0.0167553344715571 1.65717845720743
AC006129.2 -1.64490531562639 3.95172483334155 -4.20736160904673 0.000403959359325462 0.0346800939535771 0.153551292788918
ADRB2 -1.37840271532105 6.85460293666009 -3.92703431618168 0.000786834889604744 0.0455808392120091 -0.45988434961241
AK026714 /// PELI1 1.0689690764873 6.84049468792468 4.29486279151024 0.000328038574178562 0.0313288606844204 0.345234348326565
AK097119 /// RP11-73M18.6 -1.44685880572178 3.29370968554101 -3.957699025112 0.000731545559779854 0.044347121421603 -0.392895228314877
AREG 1.18235773487679 2.39948450737568 7.16192265354477 4.94330978132396e-07 0.0056712384540542 6.25138921031321
ARRDC3 1.09118508789723 7.62037109904395 4.72034464313891 0.000119513003399921 0.0208227063182929 1.27481948501475
BEST4 -1.21475589243189 2.38336634163498 -4.2301972027046 0.000382595629042912 0.0334536497796221 0.203577105851484
BOLA2 /// LOC101060386 /// LOC101060596 /// LOC101060604 /// LOC102723773 /// LOC613037 /// NPIPA5 /// NPIPB4 /// NPIPB5 /// SLC7A5P1 /// SMG1 /// SMG1P1 /// SMG1P2 /// SMG1P3 /// SMG1P5 /// SMG1P7 -1.32456983587841 5.97542098939641 -5.79063923890661 9.93888368695515e-06 0.0061954394818363 3.55283707933139
CALHM2 -1.14147719444632 6.96125193183165 -6.14157487094892 4.50909441504179e-06 0.0061954394818363 4.27020970166208
CCDC59 1.03671973082659 7.93906453920338 5.95546863922847 6.84451179264907e-06 0.0061954394818363 3.89190436473316
CCR2 -1.38511418190235 5.51015463895596 -4.13616855896943 0.000478528707456503 0.0374585860868654 -0.00239237443250939
CCR5 -1.24036840982913 8.19331124181037 -4.70985691639018 0.000122514179491421 0.0210339855169177 1.25199893636332
CD69 1.31445902057133 9.84714033249805 5.822873741034 9.23744971390022e-06 0.0061954394818363 3.61943401415971
CD8A -1.03588526704971 10.496064105723 -5.5857869373225 1.58668076394163e-05 0.00813723429184813 3.12646456899793
CISH -1.26596446296065 8.29279751226568 -4.2340621112457 0.000379093396730049 0.0333362646282009 0.212043987959079
CLK1 1.00767666626777 8.72654025125435 5.80728545235737 9.57011041903104e-06 0.0061954394818363 3.58724561480841
CMKLR1 -1.52117596121833 3.93734124706392 -4.7599041529994 0.000108845213575899 0.0200011583478025 1.36083937206267
CST7 -1.18276953157476 9.9023369877503 -3.90836387816601 0.000822513296091325 0.0469571243625341 -0.500650119128227
CXCL10 1.05517833138114 4.46864891401125 3.96474346259626 0.00071940045976813 0.0438368347518295 -0.377500520804009
EOMES -1.11891212864556 8.75478165672812 -5.27639558715228 3.24221578599636e-05 0.0122462702107155 2.47292804246861
FAM13A 1.07364632912355 5.25504397448752 4.81161365215439 9.63362117932057e-05 0.0188827003132333 1.47313066947473
FAM183CP 1.13993051807422 3.71538405578873 4.0505849776372 0.000586585942298294 0.0409409137946533 -0.189761775367844
FAM71A /// FAM71A /// RP11-338C15.5 1.29435169094635 3.55108066061332 4.11857246631341 0.000498988471936691 0.0379434413069115 -0.0409269247528128
FASLG -1.50881476111743 4.46132376446163 -4.25902517465454 0.000357233184062699 0.0325601586803541 0.266730215582331
FCGR1B 1.5288134869881 2.24390286059877 4.07252497517746 0.000556758768868634 0.0399253750078023 -0.141742866813574
FCRLB -1.71612986416394 4.40531784877681 -4.74705771525666 0.000112199650304599 0.0203003690370345 1.33291593282023
GCNT4 1.11129799403879 2.32723796673784 3.92598966636399 0.000788789896874105 0.0455808392120091 -0.462165716353354
GNLY -1.72015903949658 10.1784545804793 -4.06468405965461 0.000567240564865429 0.040295264567824 -0.158905223608198
GPR56 -2.03429374204935 7.95895794193341 -4.02836376405304 0.000618419736205271 0.0415512095778411 -0.238383164439575
HCP5 -1.07251338259164 7.71491911463959 -6.01925294803537 5.92953206545087e-06 0.0061954394818363 4.02211294757063
HIST1H2AE -1.53677973296375 3.8919880649281 -4.06355241986246 0.000568769518154736 0.040295264567824 -0.161382058386665
HIST1H2BG /// HIST1H2BJ -1.96354750356457 4.95079320301928 -4.44043201058092 0.000232069948442224 0.0278495778434161 0.663932179066318
HMGN5 1.22199857366489 2.66206717155725 4.19746695532759 0.00041358308539865 0.0349799714921279 0.13187555442695
HSPA1A /// HSPA1B /// HSPA1L -1.3652216391127 6.20308051251685 -5.31211148069972 2.98409894888644e-05 0.0121015502373721 2.54891697436862
IFNL2 1.52442317543017 2.61603562140426 4.20113214412069 0.000409991796454287 0.0349399168275409 0.139904660195701
ITGAM -1.41558689621524 7.54328881650179 -4.17222541803423 0.000439184981286499 0.0358682984195824 0.0765825250378542
KIR2DS2 -2.51069985307447 3.70964915628759 -4.64580165971709 0.000142568966427049 0.0219074284051207 1.11248665496662
LENEP 1.47324362520868 4.15186198184366 3.89860536446867 0.00084179661874216 0.0473038958682899 -0.521950442094633
LOC100128751 -1.72238828994208 3.96368897963892 -4.4632097163814 0.000219846471512237 0.0269323377939548 0.713757218177272
LOC101927038 -1.04406414417048 1.99398516651798 -4.01990986422614 0.000630977863638834 0.04189700377298 -0.256877029029694
LOC101928098 1.34382022902808 1.4225288441972 4.33857517401653 0.000295645731312715 0.0303663023851807 0.440972691937802
LOC102724612 1.38501209556234 1.73909937340505 5.22535165478829 3.65105690267827e-05 0.0126288984423376 2.36409688352036
LOC221122 1.00138690973877 3.2280076103416 6.11726561703985 4.7606100978956e-06 0.0061954394818363 4.22107558600219
LOC646014 -1.81677949503027 4.0260014033816 -5.93511017097828 7.16601452879177e-06 0.0061954394818363 3.85022569424195
MTMR11 1.1555584303479 3.4543267884916 5.77322390417636 1.03402564222009e-05 0.00623623516170739 3.51679956448267
NDUFA7 1.10921522352316 5.17248142952322 4.19331393739427 0.000417690410277416 0.0350163747818495 0.122777866844186
NR4A2 1.25936336390217 5.30550646818971 4.0518552195967 0.000584816400352578 0.0409388885496815 -0.18698199609697
PAGE1 1.46241544717733 2.92056828374686 4.30441824606278 0.000320666399727082 0.0311669189585979 0.366164410429194
PALLD -1.35006202523426 3.57261833061254 -4.15791373739578 0.000454398754488496 0.0364775191273854 0.0452341606662738
PELI1 1.05053582490419 7.46303267978809 6.00769193400181 6.0855662616763e-06 0.0061954394818363 3.9985546636346
PHF23 -1.05474159398752 6.95256789804165 -6.64647802314915 1.48488083943862e-06 0.0056712384540542 5.27083068053408
PLEKHF1 -1.19549002031479 7.02853418805415 -5.25728089533317 3.3895686032524e-05 0.0124571942370468 2.43220483880209
PPM1D -1.14588964465592 4.05857852343542 -6.49114620396431 2.08260018989231e-06 0.0056712384540542 4.96711648284518
PPP1R10 -1.43463081130292 5.60774917953891 -5.55017336037194 1.7218867597783e-05 0.00836821994443098 3.05180339798857
PRF1 -1.20124795979478 9.93458410816755 -4.04561299213624 0.000593563788385226 0.0409419761484132 -0.200641983156048
PRSS30P -1.61258256888073 4.61131412172102 -3.89464072442347 0.000849758680286249 0.0475289799893732 -0.530602847360488
PTGDR -1.63047237014942 4.8947694193486 -7.2085076329001 4.48334876470338e-07 0.0056712384540542 6.3379097026857
RASSF1 -1.05872981647519 8.04956310957479 -4.63723547842003 0.000145491006374201 0.0219074284051207 1.09381313968358
RGS1 1.30960342726129 4.884487883955 4.11577422380179 0.000502321682728268 0.0379434413069115 -0.0470544945514844
RGS2 1.73503263135134 7.85271399373084 4.7667890312483 0.000107089321312557 0.019833448240887 1.37580034759869
RP1-263J7.1 /// RPL7P27 1.61859231967744 2.95777330121103 4.18849768734378 0.000422504789431283 0.0350843541874907 0.112227402912032
RP11-225H22.4 -1.27201469481881 2.35293458821863 -5.1060138555147 4.82368327010244e-05 0.0141043678697428 2.10864616647723
RP11-629O1.2 -1.60707953494561 3.54601230621775 -4.9034207960789 7.75942832620001e-05 0.0167439920789496 1.67204560691673
RUNX1-IT1 -1.17198719629101 7.16047229646315 -4.98933149847309 6.34051084875969e-05 0.0158654420929443 1.85760870285959
S1PR5 -1.92567937252176 4.84206976116077 -4.24034987501154 0.000373464109520005 0.0331946489353141 0.225818616421043
SGK1 1.66774161475049 6.32707206163398 6.38098044646702 2.65225215741661e-06 0.0056712384540542 4.74946681731861
SIGLEC17P -1.78393218690696 5.8176290842431 -4.91345453880539 7.57835622806072e-05 0.0166589268074968 1.69374789605348
TBX21 -1.26415005282265 7.76954464245145 -4.01541957184961 0.000637751125817139 0.04189700377298 -0.266699149553617
TMEM119 1.22896772465503 3.56173283377791 4.10494530983409 0.000515431710221809 0.0384872039877053 -0.07076631596843
TNFAIP3 1.24843476755257 10.6298807877278 6.45829254549242 2.23795625295904e-06 0.0056712384540542 4.90240248479347
TNFRSF1A -1.03758614050597 6.89969148168766 -6.05361979452866 5.48943691686868e-06 0.0061954394818363 4.09203215383776
TNFSF13B 1.1762913753531 6.38150140269015 4.18328407258404 0.000427778953686964 0.0353045219988459 0.100806628279541
TNFSF14 -1.82183850272893 3.81291019583503 -6.4867259272914 2.10284060037069e-06 0.0056712384540542 4.95841919794335
TTC16 -1.15909875120908 6.68768184831912 -4.13587192368671 0.000478866575612291 0.0374585860868654 -0.00304202761034755
ZBTB8A -1.05662282369067 1.73108861221673 -4.19266828859433 0.00041833260974022 0.0350163747818495 0.121363502986364
